-1.9823384979661485e-01
-1.3373380716731922e-01
-3.7627775262241821e-02
5.4087276144359903e-02
1.0424775073304199e-01
1.6668302149288519e-01
2.7519726837499880e-01
3.7704121853901479e-01
4.7529851098604842e-01
6.0259176944659887e-01
7.4110618106989179e-01
8.6568907267822293e-01
9.9560666738887127e-01
1.1447292063688126e+00
1.2880881201904635e+00
1.4139055463052002e+00
1.5444634303699429e+00
1.6847770725960123e+00
1.8080074717837025e+00
1.9069838463624149e+00
2.0060882362309558e+00
2.1104534665542354e+00
2.1956778198361371e+00
2.2434191626614846e+00
2.2625460633067860e+00
2.4192717581570191e+00
2.4194158659331215e+00
