-2.0081115107372943e-01
-1.4346908156635085e-01
-5.5968485169084384e-02
3.9349621427747325e-02
1.0089431879847045e-01
1.5832572242855028e-01
2.5152887007148694e-01
3.5774500561061895e-01
4.5716389235198512e-01
5.6561286362940100e-01
6.8597644844793515e-01
8.0503915166102524e-01
9.2267754709659733e-01
1.0401044204990253e+00
1.1510078788719511e+00
1.2531290025967836e+00
1.3525042693378491e+00
1.4484591866603385e+00
1.5206412891786856e+00
1.5712813769074194e+00
1.6008449815156980e+00
1.7409808256689270e+00
1.7606397083892993e+00
