-1.9669411235078541e-01
-1.2793622220889680e-01
-2.7329611895498356e-02
5.8226232978429181e-02
1.0193471205154041e-01
1.7208193886110054e-01
2.8122226737424405e-01
3.7606556141883513e-01
4.8315791002332198e-01
6.2223698704096797e-01
7.5883657493058820e-01
8.9158030753865314e-01
1.0469437667462074e+00
1.2120685904189057e+00
1.3651815051465279e+00
1.5236743897003826e+00
1.6981902344230062e+00
1.8647834937794134e+00
2.0184186129519071e+00
2.1809221985831115e+00
2.3473963518042766e+00
2.4934901157341223e+00
2.6282412484437137e+00
2.7715742025657835e+00
2.9069459726252411e+00
3.0125996224151677e+00
3.1067691364576087e+00
3.2080216598379208e+00
3.2975742775161856e+00
3.3516224772479624e+00
3.3656700340337506e+00
3.5197955373877763e+00
3.5199427739960845e+00
