9.4859200000000000e+08
-4.7429600000000000e+08
1.4821750000000000e-01
-2.2737367544323206e-13
3.6283644000000006e+00
-7.4108750000000001e-02
1.1368683772161603e-13
-1.8141822000000003e+00
-2.2737367544323206e-13
5.5708948919680007e+07
-1.4551915228366852e-11
1.1368683772161603e-13
-2.7854474459840003e+07
6.9636186149600020e+04
3.6283644000000006e+00
-1.4551915228366852e-11
4.6424124099733336e+02
-1.8141822000000005e+00
-6.9636186149599991e+04
1.1606031024933337e+02
-4.7429600000000000e+08
9.4859200000000000e+08
-4.7429600000000000e+08
-7.4108750000000001e-02
1.1368683772161603e-13
-1.8141822000000003e+00
1.4821750000000000e-01
-2.2737367544323206e-13
3.6283644000000006e+00
-7.4108750000000001e-02
1.1368683772161603e-13
-1.8141822000000003e+00
1.1368683772161603e-13
-2.7854474459840003e+07
-6.9636186149600006e+04
-2.2737367544323206e-13
5.5708948919680007e+07
-1.4551915228366852e-11
1.1368683772161603e-13
-2.7854474459840003e+07
6.9636186149600020e+04
-1.8141822000000003e+00
6.9636186149600006e+04
1.1606031024933337e+02
3.6283644000000006e+00
-1.4551915228366852e-11
4.6424124099733336e+02
-1.8141822000000005e+00
-6.9636186149599991e+04
1.1606031024933337e+02
-4.7429600000000000e+08
9.4859200000000000e+08
-4.7429600000000000e+08
-7.4108750000000001e-02
1.1368683772161603e-13
-1.8141822000000003e+00
1.4821750000000000e-01
-2.2737367544323206e-13
3.6283644000000006e+00
-7.4108750000000001e-02
1.1368683772161603e-13
-1.8141822000000003e+00
1.1368683772161603e-13
-2.7854474459840003e+07
-6.9636186149600006e+04
-2.2737367544323206e-13
5.5708948919680007e+07
-1.4551915228366852e-11
1.1368683772161603e-13
-2.7854474459840003e+07
6.9636186149600020e+04
-1.8141822000000003e+00
6.9636186149600006e+04
1.1606031024933337e+02
3.6283644000000006e+00
-1.4551915228366852e-11
4.6424124099733336e+02
-1.8141822000000005e+00
-6.9636186149599991e+04
1.1606031024933337e+02
-4.7429600000000000e+08
9.4859200000000000e+08
-4.7429600000000000e+08
-7.4108750000000001e-02
1.1368683772161603e-13
-1.8141822000000003e+00
1.4821750000000000e-01
-2.2737367544323206e-13
3.6283644000000006e+00
-7.4108750000000001e-02
1.1368683772161603e-13
-1.8141822000000003e+00
1.1368683772161603e-13
-2.7854474459840003e+07
-6.9636186149600006e+04
-2.2737367544323206e-13
5.5708948919680007e+07
-1.4551915228366852e-11
1.1368683772161603e-13
-2.7854474459840003e+07
6.9636186149600020e+04
-1.8141822000000003e+00
6.9636186149600006e+04
1.1606031024933337e+02
3.6283644000000006e+00
-1.4551915228366852e-11
4.6424124099733336e+02
-1.8141822000000005e+00
-6.9636186149599991e+04
1.1606031024933337e+02
-4.7429600000000000e+08
9.4859200000000000e+08
-4.7429600000000000e+08
-7.4108750000000001e-02
1.1368683772161603e-13
-1.8141822000000003e+00
1.4821750000000000e-01
-2.2737367544323206e-13
3.6283644000000006e+00
-7.4108750000000001e-02
1.1368683772161603e-13
-1.8141822000000003e+00
1.1368683772161603e-13
-2.7854474459840003e+07
-6.9636186149600006e+04
-2.2737367544323206e-13
5.5708948919680007e+07
-1.4551915228366852e-11
1.1368683772161603e-13
-2.7854474459840003e+07
6.9636186149600020e+04
-1.8141822000000003e+00
6.9636186149600006e+04
1.1606031024933337e+02
3.6283644000000006e+00
-1.4551915228366852e-11
4.6424124099733336e+02
-1.8141822000000005e+00
-6.9636186149599991e+04
1.1606031024933337e+02
-4.7429600000000000e+08
9.4859200000000000e+08
-4.7429600000000000e+08
-7.4108750000000001e-02
1.1368683772161603e-13
-1.8141822000000003e+00
1.4821750000000000e-01
-2.2737367544323206e-13
3.6283644000000006e+00
-7.4108750000000001e-02
1.1368683772161603e-13
-1.8141822000000003e+00
1.1368683772161603e-13
-2.7854474459840003e+07
-6.9636186149600006e+04
-2.2737367544323206e-13
5.5708948919680007e+07
-1.4551915228366852e-11
1.1368683772161603e-13
-2.7854474459840003e+07
6.9636186149600020e+04
-1.8141822000000003e+00
6.9636186149600006e+04
1.1606031024933337e+02
3.6283644000000006e+00
-1.4551915228366852e-11
4.6424124099733336e+02
-1.8141822000000005e+00
-6.9636186149599991e+04
1.1606031024933337e+02
-4.7429600000000000e+08
9.4859200000000000e+08
-4.7429600000000000e+08
-7.4108750000000001e-02
1.1368683772161603e-13
-1.8141822000000003e+00
1.4821750000000000e-01
-2.2737367544323206e-13
3.6283644000000006e+00
-7.4108750000000001e-02
1.1368683772161603e-13
-1.8141822000000003e+00
1.1368683772161603e-13
-2.7854474459840003e+07
-6.9636186149600006e+04
-2.2737367544323206e-13
5.5708948919680007e+07
-1.4551915228366852e-11
1.1368683772161603e-13
-2.7854474459840003e+07
6.9636186149600020e+04
-1.8141822000000003e+00
6.9636186149600006e+04
1.1606031024933337e+02
3.6283644000000006e+00
-1.4551915228366852e-11
4.6424124099733336e+02
-1.8141822000000005e+00
-6.9636186149599991e+04
1.1606031024933337e+02
-4.7429600000000000e+08
9.4859200000000000e+08
-4.7429600000000000e+08
-7.4108750000000001e-02
1.1368683772161603e-13
-1.8141822000000003e+00
1.4821750000000000e-01
-2.2737367544323206e-13
3.6283644000000006e+00
-7.4108750000000001e-02
1.1368683772161603e-13
-1.8141822000000003e+00
1.1368683772161603e-13
-2.7854474459840003e+07
-6.9636186149600006e+04
-2.2737367544323206e-13
5.5708948919680007e+07
-1.4551915228366852e-11
1.1368683772161603e-13
-2.7854474459840003e+07
6.9636186149600020e+04
-1.8141822000000003e+00
6.9636186149600006e+04
1.1606031024933337e+02
3.6283644000000006e+00
-1.4551915228366852e-11
4.6424124099733336e+02
-1.8141822000000005e+00
-6.9636186149599991e+04
1.1606031024933337e+02
-4.7429600000000000e+08
9.4859200000000000e+08
-4.7429600000000000e+08
-7.4108750000000001e-02
1.1368683772161603e-13
-1.8141822000000003e+00
1.4821750000000000e-01
-2.2737367544323206e-13
3.6283644000000006e+00
-7.4108750000000001e-02
1.1368683772161603e-13
-1.8141822000000003e+00
1.1368683772161603e-13
-2.7854474459840003e+07
-6.9636186149600006e+04
-2.2737367544323206e-13
5.5708948919680007e+07
-1.4551915228366852e-11
1.1368683772161603e-13
-2.7854474459840003e+07
6.9636186149600020e+04
-1.8141822000000003e+00
6.9636186149600006e+04
1.1606031024933337e+02
3.6283644000000006e+00
-1.4551915228366852e-11
4.6424124099733336e+02
-1.8141822000000005e+00
-6.9636186149599991e+04
1.1606031024933337e+02
-4.7429600000000000e+08
9.4859200000000000e+08
-4.7429600000000000e+08
-7.4108750000000001e-02
1.1368683772161603e-13
-1.8141822000000003e+00
1.4821750000000000e-01
-2.2737367544323206e-13
3.6283644000000006e+00
-7.4108750000000001e-02
1.1368683772161603e-13
-1.8141822000000003e+00
1.1368683772161603e-13
-2.7854474459840003e+07
-6.9636186149600006e+04
-2.2737367544323206e-13
5.5708948919680007e+07
-1.4551915228366852e-11
1.1368683772161603e-13
-2.7854474459840003e+07
6.9636186149600020e+04
-1.8141822000000003e+00
6.9636186149600006e+04
1.1606031024933337e+02
3.6283644000000006e+00
-1.4551915228366852e-11
4.6424124099733336e+02
-1.8141822000000005e+00
-6.9636186149599991e+04
1.1606031024933337e+02
-4.7429600000000000e+08
9.4859200000000000e+08
-4.7429600000000000e+08
-7.4108750000000001e-02
1.1368683772161603e-13
-1.8141822000000003e+00
1.4821750000000000e-01
-2.2737367544323206e-13
3.6283644000000006e+00
-7.4108750000000001e-02
1.1368683772161603e-13
-1.8141822000000003e+00
1.1368683772161603e-13
-2.7854474459840003e+07
-6.9636186149600006e+04
-2.2737367544323206e-13
5.5708948919680007e+07
-1.4551915228366852e-11
1.1368683772161603e-13
-2.7854474459840003e+07
6.9636186149600020e+04
-1.8141822000000003e+00
6.9636186149600006e+04
1.1606031024933337e+02
3.6283644000000006e+00
-1.4551915228366852e-11
4.6424124099733336e+02
-1.8141822000000005e+00
-6.9636186149599991e+04
1.1606031024933337e+02
-4.7429600000000000e+08
9.4859200000000000e+08
-4.7429600000000000e+08
-7.4108750000000001e-02
1.1368683772161603e-13
-1.8141822000000003e+00
1.4821750000000000e-01
-2.2737367544323206e-13
3.6283644000000006e+00
-7.4108750000000001e-02
1.1368683772161603e-13
-1.8141822000000003e+00
1.1368683772161603e-13
-2.7854474459840003e+07
-6.9636186149600006e+04
-2.2737367544323206e-13
5.5708948919680007e+07
-1.4551915228366852e-11
1.1368683772161603e-13
-2.7854474459840003e+07
6.9636186149600020e+04
-1.8141822000000003e+00
6.9636186149600006e+04
1.1606031024933337e+02
3.6283644000000006e+00
-1.4551915228366852e-11
4.6424124099733336e+02
-1.8141822000000005e+00
-6.9636186149599991e+04
1.1606031024933337e+02
-4.7429600000000000e+08
9.4859200000000000e+08
-4.7429600000000000e+08
-7.4108750000000001e-02
1.1368683772161603e-13
-1.8141822000000003e+00
1.4821750000000000e-01
-2.2737367544323206e-13
3.6283644000000006e+00
-7.4108750000000001e-02
1.1368683772161603e-13
-1.8141822000000003e+00
1.1368683772161603e-13
-2.7854474459840003e+07
-6.9636186149600006e+04
-2.2737367544323206e-13
5.5708948919680007e+07
-1.4551915228366852e-11
1.1368683772161603e-13
-2.7854474459840003e+07
6.9636186149600020e+04
-1.8141822000000003e+00
6.9636186149600006e+04
1.1606031024933337e+02
3.6283644000000006e+00
-1.4551915228366852e-11
4.6424124099733336e+02
-1.8141822000000005e+00
-6.9636186149599991e+04
1.1606031024933337e+02
-4.7429600000000000e+08
9.4859200000000000e+08
-4.7429600000000000e+08
-7.4108750000000001e-02
1.1368683772161603e-13
-1.8141822000000003e+00
1.4821750000000000e-01
-2.2737367544323206e-13
3.6283644000000006e+00
-7.4108750000000001e-02
1.1368683772161603e-13
-1.8141822000000003e+00
1.1368683772161603e-13
-2.7854474459840003e+07
-6.9636186149600006e+04
-2.2737367544323206e-13
5.5708948919680007e+07
-1.4551915228366852e-11
1.1368683772161603e-13
-2.7854474459840003e+07
6.9636186149600020e+04
-1.8141822000000003e+00
6.9636186149600006e+04
1.1606031024933337e+02
3.6283644000000006e+00
-1.4551915228366852e-11
4.6424124099733336e+02
-1.8141822000000005e+00
-6.9636186149599991e+04
1.1606031024933337e+02
-4.7429600000000000e+08
9.4859200000000000e+08
-4.7429600000000000e+08
-7.4108750000000001e-02
1.1368683772161603e-13
-1.8141822000000003e+00
1.4821750000000000e-01
-2.2737367544323206e-13
3.6283644000000006e+00
-7.4108750000000001e-02
1.1368683772161603e-13
-1.8141822000000003e+00
1.1368683772161603e-13
-2.7854474459840003e+07
-6.9636186149600006e+04
-2.2737367544323206e-13
5.5708948919680007e+07
-1.4551915228366852e-11
1.1368683772161603e-13
-2.7854474459840003e+07
6.9636186149600020e+04
-1.8141822000000003e+00
6.9636186149600006e+04
1.1606031024933337e+02
3.6283644000000006e+00
-1.4551915228366852e-11
4.6424124099733336e+02
-1.8141822000000005e+00
-6.9636186149599991e+04
1.1606031024933337e+02
-4.7429600000000000e+08
9.4859200000000000e+08
-4.7429600000000000e+08
-7.4108750000000001e-02
1.1368683772161603e-13
-1.8141822000000003e+00
1.4821750000000000e-01
-2.2737367544323206e-13
3.6283644000000006e+00
-7.4108750000000001e-02
1.1368683772161603e-13
-1.8141822000000003e+00
1.1368683772161603e-13
-2.7854474459840003e+07
-6.9636186149600006e+04
-2.2737367544323206e-13
5.5708948919680007e+07
-1.4551915228366852e-11
1.1368683772161603e-13
-2.7854474459840003e+07
6.9636186149600020e+04
-1.8141822000000003e+00
6.9636186149600006e+04
1.1606031024933337e+02
3.6283644000000006e+00
-1.4551915228366852e-11
4.6424124099733336e+02
-1.8141822000000005e+00
-6.9636186149599991e+04
1.1606031024933337e+02
-4.7429600000000000e+08
9.4859200000000000e+08
-4.7429600000000000e+08
-7.4108750000000001e-02
1.1368683772161603e-13
-1.8141822000000003e+00
1.4821750000000000e-01
-2.2737367544323206e-13
3.6283644000000006e+00
-7.4108750000000001e-02
1.1368683772161603e-13
-1.8141822000000003e+00
1.1368683772161603e-13
-2.7854474459840003e+07
-6.9636186149600006e+04
-2.2737367544323206e-13
5.5708948919680007e+07
-1.4551915228366852e-11
1.1368683772161603e-13
-2.7854474459840003e+07
6.9636186149600020e+04
-1.8141822000000003e+00
6.9636186149600006e+04
1.1606031024933337e+02
3.6283644000000006e+00
-1.4551915228366852e-11
4.6424124099733336e+02
-1.8141822000000005e+00
-6.9636186149599991e+04
1.1606031024933337e+02
-4.7429600000000000e+08
9.4859200000000000e+08
-4.7429600000000000e+08
-7.4108750000000001e-02
1.1368683772161603e-13
-1.8141822000000003e+00
1.4821750000000000e-01
-2.2737367544323206e-13
3.6283644000000006e+00
-7.4108750000000001e-02
1.1368683772161603e-13
-1.8141822000000003e+00
1.1368683772161603e-13
-2.7854474459840003e+07
-6.9636186149600006e+04
-2.2737367544323206e-13
5.5708948919680007e+07
-1.4551915228366852e-11
1.1368683772161603e-13
-2.7854474459840003e+07
6.9636186149600020e+04
-1.8141822000000003e+00
6.9636186149600006e+04
1.1606031024933337e+02
3.6283644000000006e+00
-1.4551915228366852e-11
4.6424124099733336e+02
-1.8141822000000005e+00
-6.9636186149599991e+04
1.1606031024933337e+02
-4.7429600000000000e+08
9.4859200000000000e+08
-4.7429600000000000e+08
-7.4108750000000001e-02
1.1368683772161603e-13
-1.8141822000000003e+00
1.4821750000000000e-01
-2.2737367544323206e-13
3.6283644000000006e+00
-7.4108750000000001e-02
1.1368683772161603e-13
-1.8141822000000003e+00
1.1368683772161603e-13
-2.7854474459840003e+07
-6.9636186149600006e+04
-2.2737367544323206e-13
5.5708948919680007e+07
-1.4551915228366852e-11
1.1368683772161603e-13
-2.7854474459840003e+07
6.9636186149600020e+04
-1.8141822000000003e+00
6.9636186149600006e+04
1.1606031024933337e+02
3.6283644000000006e+00
-1.4551915228366852e-11
4.6424124099733336e+02
-1.8141822000000005e+00
-6.9636186149599991e+04
1.1606031024933337e+02
-4.7429600000000000e+08
9.4859200000000000e+08
-4.7429600000000000e+08
-7.4108750000000001e-02
1.1368683772161603e-13
-1.8141822000000003e+00
1.4821750000000000e-01
-2.2737367544323206e-13
3.6283644000000006e+00
-7.4108750000000001e-02
1.1368683772161603e-13
-1.8141822000000003e+00
1.1368683772161603e-13
-2.7854474459840003e+07
-6.9636186149600006e+04
-2.2737367544323206e-13
5.5708948919680007e+07
-1.4551915228366852e-11
1.1368683772161603e-13
-2.7854474459840003e+07
6.9636186149600020e+04
-1.8141822000000003e+00
6.9636186149600006e+04
1.1606031024933337e+02
3.6283644000000006e+00
-1.4551915228366852e-11
4.6424124099733336e+02
-1.8141822000000005e+00
-6.9636186149599991e+04
1.1606031024933337e+02
-4.7429600000000000e+08
9.4859200000000000e+08
-4.7429600000000000e+08
-7.4108750000000001e-02
1.1368683772161603e-13
-1.8141822000000003e+00
1.4821750000000000e-01
-2.2737367544323206e-13
3.6283644000000006e+00
-7.4108750000000001e-02
1.1368683772161603e-13
-1.8141822000000003e+00
1.1368683772161603e-13
-2.7854474459840003e+07
-6.9636186149600006e+04
-2.2737367544323206e-13
5.5708948919680007e+07
-1.4551915228366852e-11
1.1368683772161603e-13
-2.7854474459840003e+07
6.9636186149600020e+04
-1.8141822000000003e+00
6.9636186149600006e+04
1.1606031024933337e+02
3.6283644000000006e+00
-1.4551915228366852e-11
4.6424124099733336e+02
-1.8141822000000005e+00
-6.9636186149599991e+04
1.1606031024933337e+02
-4.7429600000000000e+08
9.4859200000000000e+08
-4.7429600000000000e+08
-7.4108750000000001e-02
1.1368683772161603e-13
-1.8141822000000003e+00
1.4821750000000000e-01
-2.2737367544323206e-13
3.6283644000000006e+00
-7.4108750000000001e-02
1.1368683772161603e-13
-1.8141822000000003e+00
1.1368683772161603e-13
-2.7854474459840003e+07
-6.9636186149600006e+04
-2.2737367544323206e-13
5.5708948919680007e+07
-1.4551915228366852e-11
1.1368683772161603e-13
-2.7854474459840003e+07
6.9636186149600020e+04
-1.8141822000000003e+00
6.9636186149600006e+04
1.1606031024933337e+02
3.6283644000000006e+00
-1.4551915228366852e-11
4.6424124099733336e+02
-1.8141822000000005e+00
-6.9636186149599991e+04
1.1606031024933337e+02
-4.7429600000000000e+08
9.4859200000000000e+08
-4.7429600000000000e+08
-7.4108750000000001e-02
1.1368683772161603e-13
-1.8141822000000003e+00
1.4821750000000000e-01
-2.2737367544323206e-13
3.6283644000000006e+00
-7.4108750000000001e-02
1.1368683772161603e-13
-1.8141822000000003e+00
1.1368683772161603e-13
-2.7854474459840003e+07
-6.9636186149600006e+04
-2.2737367544323206e-13
5.5708948919680007e+07
-1.4551915228366852e-11
1.1368683772161603e-13
-2.7854474459840003e+07
6.9636186149600020e+04
-1.8141822000000003e+00
6.9636186149600006e+04
1.1606031024933337e+02
3.6283644000000006e+00
-1.4551915228366852e-11
4.6424124099733336e+02
-1.8141822000000005e+00
-6.9636186149599991e+04
1.1606031024933337e+02
-4.7429600000000000e+08
9.4859200000000000e+08
-4.7429600000000000e+08
-7.4108750000000001e-02
1.1368683772161603e-13
-1.8141822000000003e+00
1.4821750000000000e-01
-2.2737367544323206e-13
3.6283644000000006e+00
-7.4108750000000001e-02
1.1368683772161603e-13
-1.8141822000000003e+00
1.1368683772161603e-13
-2.7854474459840003e+07
-6.9636186149600006e+04
-2.2737367544323206e-13
5.5708948919680007e+07
-1.4551915228366852e-11
1.1368683772161603e-13
-2.7854474459840003e+07
6.9636186149600020e+04
-1.8141822000000003e+00
6.9636186149600006e+04
1.1606031024933337e+02
3.6283644000000006e+00
-1.4551915228366852e-11
4.6424124099733336e+02
-1.8141822000000005e+00
-6.9636186149599991e+04
1.1606031024933337e+02
-4.7429600000000000e+08
9.4859200000000000e+08
-4.7429600000000000e+08
-7.4108750000000001e-02
1.1368683772161603e-13
-1.8141822000000003e+00
1.4821750000000000e-01
-2.2737367544323206e-13
3.6283644000000006e+00
-7.4108750000000001e-02
1.1368683772161603e-13
-1.8141822000000003e+00
1.1368683772161603e-13
-2.7854474459840003e+07
-6.9636186149600006e+04
-2.2737367544323206e-13
5.5708948919680007e+07
-1.4551915228366852e-11
1.1368683772161603e-13
-2.7854474459840003e+07
6.9636186149600020e+04
-1.8141822000000003e+00
6.9636186149600006e+04
1.1606031024933337e+02
3.6283644000000006e+00
-1.4551915228366852e-11
4.6424124099733336e+02
-1.8141822000000005e+00
-6.9636186149599991e+04
1.1606031024933337e+02
-4.7429600000000000e+08
9.4859200000000000e+08
-4.7429600000000000e+08
-7.4108750000000001e-02
1.1368683772161603e-13
-1.8141822000000003e+00
1.4821750000000000e-01
-2.2737367544323206e-13
3.6283644000000006e+00
-7.4108750000000001e-02
1.1368683772161603e-13
-1.8141822000000003e+00
1.1368683772161603e-13
-2.7854474459840003e+07
-6.9636186149600006e+04
-2.2737367544323206e-13
5.5708948919680007e+07
-1.4551915228366852e-11
1.1368683772161603e-13
-2.7854474459840003e+07
6.9636186149600020e+04
-1.8141822000000003e+00
6.9636186149600006e+04
1.1606031024933337e+02
3.6283644000000006e+00
-1.4551915228366852e-11
4.6424124099733336e+02
-1.8141822000000005e+00
-6.9636186149599991e+04
1.1606031024933337e+02
-4.7429600000000000e+08
9.4859200000000000e+08
-4.7429600000000000e+08
-7.4108750000000001e-02
1.1368683772161603e-13
-1.8141822000000003e+00
1.4821750000000000e-01
-2.2737367544323206e-13
3.6283644000000006e+00
-7.4108750000000001e-02
1.1368683772161603e-13
-1.8141822000000003e+00
1.1368683772161603e-13
-2.7854474459840003e+07
-6.9636186149600006e+04
-2.2737367544323206e-13
5.5708948919680007e+07
-1.4551915228366852e-11
1.1368683772161603e-13
-2.7854474459840003e+07
6.9636186149600020e+04
-1.8141822000000003e+00
6.9636186149600006e+04
1.1606031024933337e+02
3.6283644000000006e+00
-1.4551915228366852e-11
4.6424124099733336e+02
-1.8141822000000005e+00
-6.9636186149599991e+04
1.1606031024933337e+02
-4.7429600000000000e+08
9.4859200000000000e+08
-4.7429600000000000e+08
-7.4108750000000001e-02
1.1368683772161603e-13
-1.8141822000000003e+00
1.4821750000000000e-01
-2.2737367544323206e-13
3.6283644000000006e+00
-7.4108750000000001e-02
1.1368683772161603e-13
-1.8141822000000003e+00
1.1368683772161603e-13
-2.7854474459840003e+07
-6.9636186149600006e+04
-2.2737367544323206e-13
5.5708948919680007e+07
-1.4551915228366852e-11
1.1368683772161603e-13
-2.7854474459840003e+07
6.9636186149600020e+04
-1.8141822000000003e+00
6.9636186149600006e+04
1.1606031024933337e+02
3.6283644000000006e+00
-1.4551915228366852e-11
4.6424124099733336e+02
-1.8141822000000005e+00
-6.9636186149599991e+04
1.1606031024933337e+02
-4.7429600000000000e+08
9.4859200000000000e+08
-4.7429600000000000e+08
-7.4108750000000001e-02
1.1368683772161603e-13
-1.8141822000000003e+00
1.4821750000000000e-01
-2.2737367544323206e-13
3.6283644000000006e+00
-7.4108750000000001e-02
1.1368683772161603e-13
-1.8141822000000003e+00
1.1368683772161603e-13
-2.7854474459840003e+07
-6.9636186149600006e+04
-2.2737367544323206e-13
5.5708948919680007e+07
-1.4551915228366852e-11
1.1368683772161603e-13
-2.7854474459840003e+07
6.9636186149600020e+04
-1.8141822000000003e+00
6.9636186149600006e+04
1.1606031024933337e+02
3.6283644000000006e+00
-1.4551915228366852e-11
4.6424124099733336e+02
-1.8141822000000005e+00
-6.9636186149599991e+04
1.1606031024933337e+02
-4.7429600000000000e+08
9.4859200000000000e+08
-4.7429600000000000e+08
-7.4108750000000001e-02
1.1368683772161603e-13
-1.8141822000000003e+00
1.4821750000000000e-01
-2.2737367544323206e-13
3.6283644000000006e+00
-7.4108750000000001e-02
1.1368683772161603e-13
-1.8141822000000003e+00
1.1368683772161603e-13
-2.7854474459840003e+07
-6.9636186149600006e+04
-2.2737367544323206e-13
5.5708948919680007e+07
-1.4551915228366852e-11
1.1368683772161603e-13
-2.7854474459840003e+07
6.9636186149600020e+04
-1.8141822000000003e+00
6.9636186149600006e+04
1.1606031024933337e+02
3.6283644000000006e+00
-1.4551915228366852e-11
4.6424124099733336e+02
-1.8141822000000005e+00
-6.9636186149599991e+04
1.1606031024933337e+02
-4.7429600000000000e+08
9.4859200000000000e+08
-4.7429600000000000e+08
-7.4108750000000001e-02
1.1368683772161603e-13
-1.8141822000000003e+00
1.4821750000000000e-01
-2.2737367544323206e-13
3.6283644000000006e+00
-7.4108750000000001e-02
1.1368683772161603e-13
-1.8141822000000003e+00
1.1368683772161603e-13
-2.7854474459840003e+07
-6.9636186149600006e+04
-2.2737367544323206e-13
5.5708948919680007e+07
-1.4551915228366852e-11
1.1368683772161603e-13
-2.7854474459840003e+07
6.9636186149600020e+04
-1.8141822000000003e+00
6.9636186149600006e+04
1.1606031024933337e+02
3.6283644000000006e+00
-1.4551915228366852e-11
4.6424124099733336e+02
-1.8141822000000005e+00
-6.9636186149599991e+04
1.1606031024933337e+02
-4.7429600000000000e+08
9.4859200000000000e+08
-4.7429600000000000e+08
-7.4108750000000001e-02
1.1368683772161603e-13
-1.8141822000000003e+00
1.4821750000000000e-01
-2.2737367544323206e-13
3.6283644000000006e+00
-7.4108750000000001e-02
1.1368683772161603e-13
-1.8141822000000003e+00
1.1368683772161603e-13
-2.7854474459840003e+07
-6.9636186149600006e+04
-2.2737367544323206e-13
5.5708948919680007e+07
-1.4551915228366852e-11
1.1368683772161603e-13
-2.7854474459840003e+07
6.9636186149600020e+04
-1.8141822000000003e+00
6.9636186149600006e+04
1.1606031024933337e+02
3.6283644000000006e+00
-1.4551915228366852e-11
4.6424124099733336e+02
-1.8141822000000005e+00
-6.9636186149599991e+04
1.1606031024933337e+02
-4.7429600000000000e+08
9.4859200000000000e+08
-4.7429600000000000e+08
-7.4108750000000001e-02
1.1368683772161603e-13
-1.8141822000000003e+00
1.4821750000000000e-01
-2.2737367544323206e-13
3.6283644000000006e+00
-7.4108750000000001e-02
1.1368683772161603e-13
-1.8141822000000003e+00
1.1368683772161603e-13
-2.7854474459840003e+07
-6.9636186149600006e+04
-2.2737367544323206e-13
5.5708948919680007e+07
-1.4551915228366852e-11
1.1368683772161603e-13
-2.7854474459840003e+07
6.9636186149600020e+04
-1.8141822000000003e+00
6.9636186149600006e+04
1.1606031024933337e+02
3.6283644000000006e+00
-1.4551915228366852e-11
4.6424124099733336e+02
-1.8141822000000005e+00
-6.9636186149599991e+04
1.1606031024933337e+02
-4.7429600000000000e+08
9.4859200000000000e+08
-4.7429600000000000e+08
-7.4108750000000001e-02
1.1368683772161603e-13
-1.8141822000000003e+00
1.4821750000000000e-01
-2.2737367544323206e-13
3.6283644000000006e+00
-7.4108750000000001e-02
1.1368683772161603e-13
-1.8141822000000003e+00
1.1368683772161603e-13
-2.7854474459840003e+07
-6.9636186149600006e+04
-2.2737367544323206e-13
5.5708948919680007e+07
-1.4551915228366852e-11
1.1368683772161603e-13
-2.7854474459840003e+07
6.9636186149600020e+04
-1.8141822000000003e+00
6.9636186149600006e+04
1.1606031024933337e+02
3.6283644000000006e+00
-1.4551915228366852e-11
4.6424124099733336e+02
-1.8141822000000005e+00
-6.9636186149599991e+04
1.1606031024933337e+02
-4.7429600000000000e+08
9.4859200000000000e+08
-4.7429600000000000e+08
-7.4108750000000001e-02
1.1368683772161603e-13
-1.8141822000000003e+00
1.4821750000000000e-01
-2.2737367544323206e-13
3.6283644000000006e+00
-7.4108750000000001e-02
1.1368683772161603e-13
-1.8141822000000003e+00
1.1368683772161603e-13
-2.7854474459840003e+07
-6.9636186149600006e+04
-2.2737367544323206e-13
5.5708948919680007e+07
-1.4551915228366852e-11
1.1368683772161603e-13
-2.7854474459840003e+07
6.9636186149600020e+04
-1.8141822000000003e+00
6.9636186149600006e+04
1.1606031024933337e+02
3.6283644000000006e+00
-1.4551915228366852e-11
4.6424124099733336e+02
-1.8141822000000005e+00
-6.9636186149599991e+04
1.1606031024933337e+02
-4.7429600000000000e+08
9.4859200000000000e+08
-4.7429600000000000e+08
-7.4108750000000001e-02
1.1368683772161603e-13
-1.8141822000000003e+00
1.4821750000000000e-01
-2.2737367544323206e-13
3.6283644000000006e+00
-7.4108750000000001e-02
1.1368683772161603e-13
-1.8141822000000003e+00
1.1368683772161603e-13
-2.7854474459840003e+07
-6.9636186149600006e+04
-2.2737367544323206e-13
5.5708948919680007e+07
-1.4551915228366852e-11
1.1368683772161603e-13
-2.7854474459840003e+07
6.9636186149600020e+04
-1.8141822000000003e+00
6.9636186149600006e+04
1.1606031024933337e+02
3.6283644000000006e+00
-1.4551915228366852e-11
4.6424124099733336e+02
-1.8141822000000005e+00
-6.9636186149599991e+04
1.1606031024933337e+02
-4.7429600000000000e+08
9.4859200000000000e+08
-4.7429600000000000e+08
-7.4108750000000001e-02
1.1368683772161603e-13
-1.8141822000000003e+00
1.4821750000000000e-01
-2.2737367544323206e-13
3.6283644000000006e+00
-7.4108750000000001e-02
1.1368683772161603e-13
-1.8141822000000003e+00
1.1368683772161603e-13
-2.7854474459840003e+07
-6.9636186149600006e+04
-2.2737367544323206e-13
5.5708948919680007e+07
-1.4551915228366852e-11
1.1368683772161603e-13
-2.7854474459840003e+07
6.9636186149600020e+04
-1.8141822000000003e+00
6.9636186149600006e+04
1.1606031024933337e+02
3.6283644000000006e+00
-1.4551915228366852e-11
4.6424124099733336e+02
-1.8141822000000005e+00
-6.9636186149599991e+04
1.1606031024933337e+02
-4.7429600000000000e+08
9.4859200000000000e+08
-4.7429600000000000e+08
-7.4108750000000001e-02
1.1368683772161603e-13
-1.8141822000000003e+00
1.4821750000000000e-01
-2.2737367544323206e-13
3.6283644000000006e+00
-7.4108750000000001e-02
1.1368683772161603e-13
-1.8141822000000003e+00
1.1368683772161603e-13
-2.7854474459840003e+07
-6.9636186149600006e+04
-2.2737367544323206e-13
5.5708948919680007e+07
-1.4551915228366852e-11
1.1368683772161603e-13
-2.7854474459840003e+07
6.9636186149600020e+04
-1.8141822000000003e+00
6.9636186149600006e+04
1.1606031024933337e+02
3.6283644000000006e+00
-1.4551915228366852e-11
4.6424124099733336e+02
-1.8141822000000005e+00
-6.9636186149599991e+04
1.1606031024933337e+02
-4.7429600000000000e+08
9.4859200000000000e+08
-4.7429600000000000e+08
-7.4108750000000001e-02
1.1368683772161603e-13
-1.8141822000000003e+00
1.4821750000000000e-01
-2.2737367544323206e-13
3.6283644000000006e+00
-7.4108750000000001e-02
1.1368683772161603e-13
-1.8141822000000003e+00
1.1368683772161603e-13
-2.7854474459840003e+07
-6.9636186149600006e+04
-2.2737367544323206e-13
5.5708948919680007e+07
-1.4551915228366852e-11
1.1368683772161603e-13
-2.7854474459840003e+07
6.9636186149600020e+04
-1.8141822000000003e+00
6.9636186149600006e+04
1.1606031024933337e+02
3.6283644000000006e+00
-1.4551915228366852e-11
4.6424124099733336e+02
-1.8141822000000005e+00
-6.9636186149599991e+04
1.1606031024933337e+02
-4.7429600000000000e+08
9.4859200000000000e+08
-4.7429600000000000e+08
-7.4108750000000001e-02
1.1368683772161603e-13
-1.8141822000000003e+00
1.4821750000000000e-01
-2.2737367544323206e-13
3.6283644000000006e+00
-7.4108750000000001e-02
1.1368683772161603e-13
-1.8141822000000003e+00
1.1368683772161603e-13
-2.7854474459840003e+07
-6.9636186149600006e+04
-2.2737367544323206e-13
5.5708948919680007e+07
-1.4551915228366852e-11
1.1368683772161603e-13
-2.7854474459840003e+07
6.9636186149600020e+04
-1.8141822000000003e+00
6.9636186149600006e+04
1.1606031024933337e+02
3.6283644000000006e+00
-1.4551915228366852e-11
4.6424124099733336e+02
-1.8141822000000005e+00
-6.9636186149599991e+04
1.1606031024933337e+02
-4.7429600000000000e+08
9.4859200000000000e+08
-4.7429600000000000e+08
-7.4108750000000001e-02
1.1368683772161603e-13
-1.8141822000000003e+00
1.4821750000000000e-01
-2.2737367544323206e-13
3.6283644000000006e+00
-7.4108750000000001e-02
1.1368683772161603e-13
-1.8141822000000003e+00
1.1368683772161603e-13
-2.7854474459840003e+07
-6.9636186149600006e+04
-2.2737367544323206e-13
5.5708948919680007e+07
-1.4551915228366852e-11
1.1368683772161603e-13
-2.7854474459840003e+07
6.9636186149600020e+04
-1.8141822000000003e+00
6.9636186149600006e+04
1.1606031024933337e+02
3.6283644000000006e+00
-1.4551915228366852e-11
4.6424124099733336e+02
-1.8141822000000005e+00
-6.9636186149599991e+04
1.1606031024933337e+02
-4.7429600000000000e+08
4.7429600000000000e+08
-7.4108750000000001e-02
1.1368683772161603e-13
-1.8141822000000003e+00
7.4108750000000001e-02
-1.1368683772161603e-13
1.8141822000000003e+00
1.1368683772161603e-13
-2.7854474459840003e+07
-6.9636186149600006e+04
-1.1368683772161603e-13
2.7854474459840003e+07
-6.9636186149600020e+04
-1.8141822000000003e+00
6.9636186149600006e+04
1.1606031024933337e+02
1.8141822000000003e+00
-6.9636186149600006e+04
2.3212062049866671e+02
