3.0876520000000003e-04
7.7191299999999980e-05
4.2968750000000020e-17
0.0000000000000000e+00
-1.0742187500000004e-17
1.0742187500000004e-17
-6.4453125000000025e-15
5.3710937500000018e-18
0.0000000000000000e+00
3.4947807493103389e-04
-5.2939559203393771e-23
6.4453125000000025e-15
5.6834862534483071e-05
-7.0370658461522702e-08
-1.0742187500000005e-17
-2.6469779601696886e-23
2.3507637229249482e-10
5.3710937500000018e-18
7.0370658461522675e-08
-8.4282295160423413e-11
7.7191299999999994e-05
3.0876520000000003e-04
7.7191299999999980e-05
1.0742187500000002e-17
6.4453125000000025e-15
5.3710937500000025e-18
4.2968750000000020e-17
0.0000000000000000e+00
-1.0742187500000004e-17
1.0742187500000004e-17
-6.4453125000000025e-15
5.3710937500000018e-18
-6.4453125000000025e-15
5.6834862534483078e-05
7.0370658461522675e-08
0.0000000000000000e+00
3.4947807493103389e-04
-5.2939559203393771e-23
6.4453125000000025e-15
5.6834862534483071e-05
-7.0370658461522702e-08
5.3710937500000018e-18
-7.0370658461522702e-08
-8.4282295160423413e-11
-1.0742187500000005e-17
-2.6469779601696886e-23
2.3507637229249482e-10
5.3710937500000018e-18
7.0370658461522675e-08
-8.4282295160423413e-11
7.7191299999999994e-05
3.0876520000000003e-04
7.7191299999999980e-05
1.0742187500000002e-17
6.4453125000000025e-15
5.3710937500000025e-18
4.2968750000000020e-17
0.0000000000000000e+00
-1.0742187500000004e-17
1.0742187500000004e-17
-6.4453125000000025e-15
5.3710937500000018e-18
-6.4453125000000025e-15
5.6834862534483078e-05
7.0370658461522675e-08
0.0000000000000000e+00
3.4947807493103389e-04
-5.2939559203393771e-23
6.4453125000000025e-15
5.6834862534483071e-05
-7.0370658461522702e-08
5.3710937500000018e-18
-7.0370658461522702e-08
-8.4282295160423413e-11
-1.0742187500000005e-17
-2.6469779601696886e-23
2.3507637229249482e-10
5.3710937500000018e-18
7.0370658461522675e-08
-8.4282295160423413e-11
7.7191299999999994e-05
3.0876520000000003e-04
7.7191299999999980e-05
1.0742187500000002e-17
6.4453125000000025e-15
5.3710937500000025e-18
4.2968750000000020e-17
0.0000000000000000e+00
-1.0742187500000004e-17
1.0742187500000004e-17
-6.4453125000000025e-15
5.3710937500000018e-18
-6.4453125000000025e-15
5.6834862534483078e-05
7.0370658461522675e-08
0.0000000000000000e+00
3.4947807493103389e-04
-5.2939559203393771e-23
6.4453125000000025e-15
5.6834862534483071e-05
-7.0370658461522702e-08
5.3710937500000018e-18
-7.0370658461522702e-08
-8.4282295160423413e-11
-1.0742187500000005e-17
-2.6469779601696886e-23
2.3507637229249482e-10
5.3710937500000018e-18
7.0370658461522675e-08
-8.4282295160423413e-11
7.7191299999999994e-05
3.0876520000000003e-04
7.7191299999999980e-05
1.0742187500000002e-17
6.4453125000000025e-15
5.3710937500000025e-18
4.2968750000000020e-17
0.0000000000000000e+00
-1.0742187500000004e-17
1.0742187500000004e-17
-6.4453125000000025e-15
5.3710937500000018e-18
-6.4453125000000025e-15
5.6834862534483078e-05
7.0370658461522675e-08
0.0000000000000000e+00
3.4947807493103389e-04
-5.2939559203393771e-23
6.4453125000000025e-15
5.6834862534483071e-05
-7.0370658461522702e-08
5.3710937500000018e-18
-7.0370658461522702e-08
-8.4282295160423413e-11
-1.0742187500000005e-17
-2.6469779601696886e-23
2.3507637229249482e-10
5.3710937500000018e-18
7.0370658461522675e-08
-8.4282295160423413e-11
7.7191299999999994e-05
3.0876520000000003e-04
7.7191299999999980e-05
1.0742187500000002e-17
6.4453125000000025e-15
5.3710937500000025e-18
4.2968750000000020e-17
0.0000000000000000e+00
-1.0742187500000004e-17
1.0742187500000004e-17
-6.4453125000000025e-15
5.3710937500000018e-18
-6.4453125000000025e-15
5.6834862534483078e-05
7.0370658461522675e-08
0.0000000000000000e+00
3.4947807493103389e-04
-5.2939559203393771e-23
6.4453125000000025e-15
5.6834862534483071e-05
-7.0370658461522702e-08
5.3710937500000018e-18
-7.0370658461522702e-08
-8.4282295160423413e-11
-1.0742187500000005e-17
-2.6469779601696886e-23
2.3507637229249482e-10
5.3710937500000018e-18
7.0370658461522675e-08
-8.4282295160423413e-11
7.7191299999999994e-05
3.0876520000000003e-04
7.7191299999999980e-05
1.0742187500000002e-17
6.4453125000000025e-15
5.3710937500000025e-18
4.2968750000000020e-17
0.0000000000000000e+00
-1.0742187500000004e-17
1.0742187500000004e-17
-6.4453125000000025e-15
5.3710937500000018e-18
-6.4453125000000025e-15
5.6834862534483078e-05
7.0370658461522675e-08
0.0000000000000000e+00
3.4947807493103389e-04
-5.2939559203393771e-23
6.4453125000000025e-15
5.6834862534483071e-05
-7.0370658461522702e-08
5.3710937500000018e-18
-7.0370658461522702e-08
-8.4282295160423413e-11
-1.0742187500000005e-17
-2.6469779601696886e-23
2.3507637229249482e-10
5.3710937500000018e-18
7.0370658461522675e-08
-8.4282295160423413e-11
7.7191299999999994e-05
3.0876520000000003e-04
7.7191299999999980e-05
1.0742187500000002e-17
6.4453125000000025e-15
5.3710937500000025e-18
4.2968750000000020e-17
0.0000000000000000e+00
-1.0742187500000004e-17
1.0742187500000004e-17
-6.4453125000000025e-15
5.3710937500000018e-18
-6.4453125000000025e-15
5.6834862534483078e-05
7.0370658461522675e-08
0.0000000000000000e+00
3.4947807493103389e-04
-5.2939559203393771e-23
6.4453125000000025e-15
5.6834862534483071e-05
-7.0370658461522702e-08
5.3710937500000018e-18
-7.0370658461522702e-08
-8.4282295160423413e-11
-1.0742187500000005e-17
-2.6469779601696886e-23
2.3507637229249482e-10
5.3710937500000018e-18
7.0370658461522675e-08
-8.4282295160423413e-11
7.7191299999999994e-05
3.0876520000000003e-04
7.7191299999999980e-05
1.0742187500000002e-17
6.4453125000000025e-15
5.3710937500000025e-18
4.2968750000000020e-17
0.0000000000000000e+00
-1.0742187500000004e-17
1.0742187500000004e-17
-6.4453125000000025e-15
5.3710937500000018e-18
-6.4453125000000025e-15
5.6834862534483078e-05
7.0370658461522675e-08
0.0000000000000000e+00
3.4947807493103389e-04
-5.2939559203393771e-23
6.4453125000000025e-15
5.6834862534483071e-05
-7.0370658461522702e-08
5.3710937500000018e-18
-7.0370658461522702e-08
-8.4282295160423413e-11
-1.0742187500000005e-17
-2.6469779601696886e-23
2.3507637229249482e-10
5.3710937500000018e-18
7.0370658461522675e-08
-8.4282295160423413e-11
7.7191299999999994e-05
3.0876520000000003e-04
7.7191299999999980e-05
1.0742187500000002e-17
6.4453125000000025e-15
5.3710937500000025e-18
4.2968750000000020e-17
0.0000000000000000e+00
-1.0742187500000004e-17
1.0742187500000004e-17
-6.4453125000000025e-15
5.3710937500000018e-18
-6.4453125000000025e-15
5.6834862534483078e-05
7.0370658461522675e-08
0.0000000000000000e+00
3.4947807493103389e-04
-5.2939559203393771e-23
6.4453125000000025e-15
5.6834862534483071e-05
-7.0370658461522702e-08
5.3710937500000018e-18
-7.0370658461522702e-08
-8.4282295160423413e-11
-1.0742187500000005e-17
-2.6469779601696886e-23
2.3507637229249482e-10
5.3710937500000018e-18
7.0370658461522675e-08
-8.4282295160423413e-11
7.7191299999999994e-05
3.0876520000000003e-04
7.7191299999999980e-05
1.0742187500000002e-17
6.4453125000000025e-15
5.3710937500000025e-18
4.2968750000000020e-17
0.0000000000000000e+00
-1.0742187500000004e-17
1.0742187500000004e-17
-6.4453125000000025e-15
5.3710937500000018e-18
-6.4453125000000025e-15
5.6834862534483078e-05
7.0370658461522675e-08
0.0000000000000000e+00
3.4947807493103389e-04
-5.2939559203393771e-23
6.4453125000000025e-15
5.6834862534483071e-05
-7.0370658461522702e-08
5.3710937500000018e-18
-7.0370658461522702e-08
-8.4282295160423413e-11
-1.0742187500000005e-17
-2.6469779601696886e-23
2.3507637229249482e-10
5.3710937500000018e-18
7.0370658461522675e-08
-8.4282295160423413e-11
7.7191299999999994e-05
3.0876520000000003e-04
7.7191299999999980e-05
1.0742187500000002e-17
6.4453125000000025e-15
5.3710937500000025e-18
4.2968750000000020e-17
0.0000000000000000e+00
-1.0742187500000004e-17
1.0742187500000004e-17
-6.4453125000000025e-15
5.3710937500000018e-18
-6.4453125000000025e-15
5.6834862534483078e-05
7.0370658461522675e-08
0.0000000000000000e+00
3.4947807493103389e-04
-5.2939559203393771e-23
6.4453125000000025e-15
5.6834862534483071e-05
-7.0370658461522702e-08
5.3710937500000018e-18
-7.0370658461522702e-08
-8.4282295160423413e-11
-1.0742187500000005e-17
-2.6469779601696886e-23
2.3507637229249482e-10
5.3710937500000018e-18
7.0370658461522675e-08
-8.4282295160423413e-11
7.7191299999999994e-05
3.0876520000000003e-04
7.7191299999999980e-05
1.0742187500000002e-17
6.4453125000000025e-15
5.3710937500000025e-18
4.2968750000000020e-17
0.0000000000000000e+00
-1.0742187500000004e-17
1.0742187500000004e-17
-6.4453125000000025e-15
5.3710937500000018e-18
-6.4453125000000025e-15
5.6834862534483078e-05
7.0370658461522675e-08
0.0000000000000000e+00
3.4947807493103389e-04
-5.2939559203393771e-23
6.4453125000000025e-15
5.6834862534483071e-05
-7.0370658461522702e-08
5.3710937500000018e-18
-7.0370658461522702e-08
-8.4282295160423413e-11
-1.0742187500000005e-17
-2.6469779601696886e-23
2.3507637229249482e-10
5.3710937500000018e-18
7.0370658461522675e-08
-8.4282295160423413e-11
7.7191299999999994e-05
3.0876520000000003e-04
7.7191299999999980e-05
1.0742187500000002e-17
6.4453125000000025e-15
5.3710937500000025e-18
4.2968750000000020e-17
0.0000000000000000e+00
-1.0742187500000004e-17
1.0742187500000004e-17
-6.4453125000000025e-15
5.3710937500000018e-18
-6.4453125000000025e-15
5.6834862534483078e-05
7.0370658461522675e-08
0.0000000000000000e+00
3.4947807493103389e-04
-5.2939559203393771e-23
6.4453125000000025e-15
5.6834862534483071e-05
-7.0370658461522702e-08
5.3710937500000018e-18
-7.0370658461522702e-08
-8.4282295160423413e-11
-1.0742187500000005e-17
-2.6469779601696886e-23
2.3507637229249482e-10
5.3710937500000018e-18
7.0370658461522675e-08
-8.4282295160423413e-11
7.7191299999999994e-05
3.0876520000000003e-04
7.7191299999999980e-05
1.0742187500000002e-17
6.4453125000000025e-15
5.3710937500000025e-18
4.2968750000000020e-17
0.0000000000000000e+00
-1.0742187500000004e-17
1.0742187500000004e-17
-6.4453125000000025e-15
5.3710937500000018e-18
-6.4453125000000025e-15
5.6834862534483078e-05
7.0370658461522675e-08
0.0000000000000000e+00
3.4947807493103389e-04
-5.2939559203393771e-23
6.4453125000000025e-15
5.6834862534483071e-05
-7.0370658461522702e-08
5.3710937500000018e-18
-7.0370658461522702e-08
-8.4282295160423413e-11
-1.0742187500000005e-17
-2.6469779601696886e-23
2.3507637229249482e-10
5.3710937500000018e-18
7.0370658461522675e-08
-8.4282295160423413e-11
7.7191299999999994e-05
3.0876520000000003e-04
7.7191299999999980e-05
1.0742187500000002e-17
6.4453125000000025e-15
5.3710937500000025e-18
4.2968750000000020e-17
0.0000000000000000e+00
-1.0742187500000004e-17
1.0742187500000004e-17
-6.4453125000000025e-15
5.3710937500000018e-18
-6.4453125000000025e-15
5.6834862534483078e-05
7.0370658461522675e-08
0.0000000000000000e+00
3.4947807493103389e-04
-5.2939559203393771e-23
6.4453125000000025e-15
5.6834862534483071e-05
-7.0370658461522702e-08
5.3710937500000018e-18
-7.0370658461522702e-08
-8.4282295160423413e-11
-1.0742187500000005e-17
-2.6469779601696886e-23
2.3507637229249482e-10
5.3710937500000018e-18
7.0370658461522675e-08
-8.4282295160423413e-11
7.7191299999999994e-05
3.0876520000000003e-04
7.7191299999999980e-05
1.0742187500000002e-17
6.4453125000000025e-15
5.3710937500000025e-18
4.2968750000000020e-17
0.0000000000000000e+00
-1.0742187500000004e-17
1.0742187500000004e-17
-6.4453125000000025e-15
5.3710937500000018e-18
-6.4453125000000025e-15
5.6834862534483078e-05
7.0370658461522675e-08
0.0000000000000000e+00
3.4947807493103389e-04
-5.2939559203393771e-23
6.4453125000000025e-15
5.6834862534483071e-05
-7.0370658461522702e-08
5.3710937500000018e-18
-7.0370658461522702e-08
-8.4282295160423413e-11
-1.0742187500000005e-17
-2.6469779601696886e-23
2.3507637229249482e-10
5.3710937500000018e-18
7.0370658461522675e-08
-8.4282295160423413e-11
7.7191299999999994e-05
3.0876520000000003e-04
7.7191299999999980e-05
1.0742187500000002e-17
6.4453125000000025e-15
5.3710937500000025e-18
4.2968750000000020e-17
0.0000000000000000e+00
-1.0742187500000004e-17
1.0742187500000004e-17
-6.4453125000000025e-15
5.3710937500000018e-18
-6.4453125000000025e-15
5.6834862534483078e-05
7.0370658461522675e-08
0.0000000000000000e+00
3.4947807493103389e-04
-5.2939559203393771e-23
6.4453125000000025e-15
5.6834862534483071e-05
-7.0370658461522702e-08
5.3710937500000018e-18
-7.0370658461522702e-08
-8.4282295160423413e-11
-1.0742187500000005e-17
-2.6469779601696886e-23
2.3507637229249482e-10
5.3710937500000018e-18
7.0370658461522675e-08
-8.4282295160423413e-11
7.7191299999999994e-05
3.0876520000000003e-04
7.7191299999999980e-05
1.0742187500000002e-17
6.4453125000000025e-15
5.3710937500000025e-18
4.2968750000000020e-17
0.0000000000000000e+00
-1.0742187500000004e-17
1.0742187500000004e-17
-6.4453125000000025e-15
5.3710937500000018e-18
-6.4453125000000025e-15
5.6834862534483078e-05
7.0370658461522675e-08
0.0000000000000000e+00
3.4947807493103389e-04
-5.2939559203393771e-23
6.4453125000000025e-15
5.6834862534483071e-05
-7.0370658461522702e-08
5.3710937500000018e-18
-7.0370658461522702e-08
-8.4282295160423413e-11
-1.0742187500000005e-17
-2.6469779601696886e-23
2.3507637229249482e-10
5.3710937500000018e-18
7.0370658461522675e-08
-8.4282295160423413e-11
7.7191299999999994e-05
3.0876520000000003e-04
7.7191299999999980e-05
1.0742187500000002e-17
6.4453125000000025e-15
5.3710937500000025e-18
4.2968750000000020e-17
0.0000000000000000e+00
-1.0742187500000004e-17
1.0742187500000004e-17
-6.4453125000000025e-15
5.3710937500000018e-18
-6.4453125000000025e-15
5.6834862534483078e-05
7.0370658461522675e-08
0.0000000000000000e+00
3.4947807493103389e-04
-5.2939559203393771e-23
6.4453125000000025e-15
5.6834862534483071e-05
-7.0370658461522702e-08
5.3710937500000018e-18
-7.0370658461522702e-08
-8.4282295160423413e-11
-1.0742187500000005e-17
-2.6469779601696886e-23
2.3507637229249482e-10
5.3710937500000018e-18
7.0370658461522675e-08
-8.4282295160423413e-11
7.7191299999999994e-05
3.0876520000000003e-04
7.7191299999999980e-05
1.0742187500000002e-17
6.4453125000000025e-15
5.3710937500000025e-18
4.2968750000000020e-17
0.0000000000000000e+00
-1.0742187500000004e-17
1.0742187500000004e-17
-6.4453125000000025e-15
5.3710937500000018e-18
-6.4453125000000025e-15
5.6834862534483078e-05
7.0370658461522675e-08
0.0000000000000000e+00
3.4947807493103389e-04
-5.2939559203393771e-23
6.4453125000000025e-15
5.6834862534483071e-05
-7.0370658461522702e-08
5.3710937500000018e-18
-7.0370658461522702e-08
-8.4282295160423413e-11
-1.0742187500000005e-17
-2.6469779601696886e-23
2.3507637229249482e-10
5.3710937500000018e-18
7.0370658461522675e-08
-8.4282295160423413e-11
7.7191299999999994e-05
3.0876520000000003e-04
7.7191299999999980e-05
1.0742187500000002e-17
6.4453125000000025e-15
5.3710937500000025e-18
4.2968750000000020e-17
0.0000000000000000e+00
-1.0742187500000004e-17
1.0742187500000004e-17
-6.4453125000000025e-15
5.3710937500000018e-18
-6.4453125000000025e-15
5.6834862534483078e-05
7.0370658461522675e-08
0.0000000000000000e+00
3.4947807493103389e-04
-5.2939559203393771e-23
6.4453125000000025e-15
5.6834862534483071e-05
-7.0370658461522702e-08
5.3710937500000018e-18
-7.0370658461522702e-08
-8.4282295160423413e-11
-1.0742187500000005e-17
-2.6469779601696886e-23
2.3507637229249482e-10
5.3710937500000018e-18
7.0370658461522675e-08
-8.4282295160423413e-11
7.7191299999999994e-05
3.0876520000000003e-04
7.7191299999999980e-05
1.0742187500000002e-17
6.4453125000000025e-15
5.3710937500000025e-18
4.2968750000000020e-17
0.0000000000000000e+00
-1.0742187500000004e-17
1.0742187500000004e-17
-6.4453125000000025e-15
5.3710937500000018e-18
-6.4453125000000025e-15
5.6834862534483078e-05
7.0370658461522675e-08
0.0000000000000000e+00
3.4947807493103389e-04
-5.2939559203393771e-23
6.4453125000000025e-15
5.6834862534483071e-05
-7.0370658461522702e-08
5.3710937500000018e-18
-7.0370658461522702e-08
-8.4282295160423413e-11
-1.0742187500000005e-17
-2.6469779601696886e-23
2.3507637229249482e-10
5.3710937500000018e-18
7.0370658461522675e-08
-8.4282295160423413e-11
7.7191299999999994e-05
3.0876520000000003e-04
7.7191299999999980e-05
1.0742187500000002e-17
6.4453125000000025e-15
5.3710937500000025e-18
4.2968750000000020e-17
0.0000000000000000e+00
-1.0742187500000004e-17
1.0742187500000004e-17
-6.4453125000000025e-15
5.3710937500000018e-18
-6.4453125000000025e-15
5.6834862534483078e-05
7.0370658461522675e-08
0.0000000000000000e+00
3.4947807493103389e-04
-5.2939559203393771e-23
6.4453125000000025e-15
5.6834862534483071e-05
-7.0370658461522702e-08
5.3710937500000018e-18
-7.0370658461522702e-08
-8.4282295160423413e-11
-1.0742187500000005e-17
-2.6469779601696886e-23
2.3507637229249482e-10
5.3710937500000018e-18
7.0370658461522675e-08
-8.4282295160423413e-11
7.7191299999999994e-05
3.0876520000000003e-04
7.7191299999999980e-05
1.0742187500000002e-17
6.4453125000000025e-15
5.3710937500000025e-18
4.2968750000000020e-17
0.0000000000000000e+00
-1.0742187500000004e-17
1.0742187500000004e-17
-6.4453125000000025e-15
5.3710937500000018e-18
-6.4453125000000025e-15
5.6834862534483078e-05
7.0370658461522675e-08
0.0000000000000000e+00
3.4947807493103389e-04
-5.2939559203393771e-23
6.4453125000000025e-15
5.6834862534483071e-05
-7.0370658461522702e-08
5.3710937500000018e-18
-7.0370658461522702e-08
-8.4282295160423413e-11
-1.0742187500000005e-17
-2.6469779601696886e-23
2.3507637229249482e-10
5.3710937500000018e-18
7.0370658461522675e-08
-8.4282295160423413e-11
7.7191299999999994e-05
3.0876520000000003e-04
7.7191299999999980e-05
1.0742187500000002e-17
6.4453125000000025e-15
5.3710937500000025e-18
4.2968750000000020e-17
0.0000000000000000e+00
-1.0742187500000004e-17
1.0742187500000004e-17
-6.4453125000000025e-15
5.3710937500000018e-18
-6.4453125000000025e-15
5.6834862534483078e-05
7.0370658461522675e-08
0.0000000000000000e+00
3.4947807493103389e-04
-5.2939559203393771e-23
6.4453125000000025e-15
5.6834862534483071e-05
-7.0370658461522702e-08
5.3710937500000018e-18
-7.0370658461522702e-08
-8.4282295160423413e-11
-1.0742187500000005e-17
-2.6469779601696886e-23
2.3507637229249482e-10
5.3710937500000018e-18
7.0370658461522675e-08
-8.4282295160423413e-11
7.7191299999999994e-05
3.0876520000000003e-04
7.7191299999999980e-05
1.0742187500000002e-17
6.4453125000000025e-15
5.3710937500000025e-18
4.2968750000000020e-17
0.0000000000000000e+00
-1.0742187500000004e-17
1.0742187500000004e-17
-6.4453125000000025e-15
5.3710937500000018e-18
-6.4453125000000025e-15
5.6834862534483078e-05
7.0370658461522675e-08
0.0000000000000000e+00
3.4947807493103389e-04
-5.2939559203393771e-23
6.4453125000000025e-15
5.6834862534483071e-05
-7.0370658461522702e-08
5.3710937500000018e-18
-7.0370658461522702e-08
-8.4282295160423413e-11
-1.0742187500000005e-17
-2.6469779601696886e-23
2.3507637229249482e-10
5.3710937500000018e-18
7.0370658461522675e-08
-8.4282295160423413e-11
7.7191299999999994e-05
3.0876520000000003e-04
7.7191299999999980e-05
1.0742187500000002e-17
6.4453125000000025e-15
5.3710937500000025e-18
4.2968750000000020e-17
0.0000000000000000e+00
-1.0742187500000004e-17
1.0742187500000004e-17
-6.4453125000000025e-15
5.3710937500000018e-18
-6.4453125000000025e-15
5.6834862534483078e-05
7.0370658461522675e-08
0.0000000000000000e+00
3.4947807493103389e-04
-5.2939559203393771e-23
6.4453125000000025e-15
5.6834862534483071e-05
-7.0370658461522702e-08
5.3710937500000018e-18
-7.0370658461522702e-08
-8.4282295160423413e-11
-1.0742187500000005e-17
-2.6469779601696886e-23
2.3507637229249482e-10
5.3710937500000018e-18
7.0370658461522675e-08
-8.4282295160423413e-11
7.7191299999999994e-05
3.0876520000000003e-04
7.7191299999999980e-05
1.0742187500000002e-17
6.4453125000000025e-15
5.3710937500000025e-18
4.2968750000000020e-17
0.0000000000000000e+00
-1.0742187500000004e-17
1.0742187500000004e-17
-6.4453125000000025e-15
5.3710937500000018e-18
-6.4453125000000025e-15
5.6834862534483078e-05
7.0370658461522675e-08
0.0000000000000000e+00
3.4947807493103389e-04
-5.2939559203393771e-23
6.4453125000000025e-15
5.6834862534483071e-05
-7.0370658461522702e-08
5.3710937500000018e-18
-7.0370658461522702e-08
-8.4282295160423413e-11
-1.0742187500000005e-17
-2.6469779601696886e-23
2.3507637229249482e-10
5.3710937500000018e-18
7.0370658461522675e-08
-8.4282295160423413e-11
7.7191299999999994e-05
3.0876520000000003e-04
7.7191299999999980e-05
1.0742187500000002e-17
6.4453125000000025e-15
5.3710937500000025e-18
4.2968750000000020e-17
0.0000000000000000e+00
-1.0742187500000004e-17
1.0742187500000004e-17
-6.4453125000000025e-15
5.3710937500000018e-18
-6.4453125000000025e-15
5.6834862534483078e-05
7.0370658461522675e-08
0.0000000000000000e+00
3.4947807493103389e-04
-5.2939559203393771e-23
6.4453125000000025e-15
5.6834862534483071e-05
-7.0370658461522702e-08
5.3710937500000018e-18
-7.0370658461522702e-08
-8.4282295160423413e-11
-1.0742187500000005e-17
-2.6469779601696886e-23
2.3507637229249482e-10
5.3710937500000018e-18
7.0370658461522675e-08
-8.4282295160423413e-11
7.7191299999999994e-05
3.0876520000000003e-04
7.7191299999999980e-05
1.0742187500000002e-17
6.4453125000000025e-15
5.3710937500000025e-18
4.2968750000000020e-17
0.0000000000000000e+00
-1.0742187500000004e-17
1.0742187500000004e-17
-6.4453125000000025e-15
5.3710937500000018e-18
-6.4453125000000025e-15
5.6834862534483078e-05
7.0370658461522675e-08
0.0000000000000000e+00
3.4947807493103389e-04
-5.2939559203393771e-23
6.4453125000000025e-15
5.6834862534483071e-05
-7.0370658461522702e-08
5.3710937500000018e-18
-7.0370658461522702e-08
-8.4282295160423413e-11
-1.0742187500000005e-17
-2.6469779601696886e-23
2.3507637229249482e-10
5.3710937500000018e-18
7.0370658461522675e-08
-8.4282295160423413e-11
7.7191299999999994e-05
3.0876520000000003e-04
7.7191299999999980e-05
1.0742187500000002e-17
6.4453125000000025e-15
5.3710937500000025e-18
4.2968750000000020e-17
0.0000000000000000e+00
-1.0742187500000004e-17
1.0742187500000004e-17
-6.4453125000000025e-15
5.3710937500000018e-18
-6.4453125000000025e-15
5.6834862534483078e-05
7.0370658461522675e-08
0.0000000000000000e+00
3.4947807493103389e-04
-5.2939559203393771e-23
6.4453125000000025e-15
5.6834862534483071e-05
-7.0370658461522702e-08
5.3710937500000018e-18
-7.0370658461522702e-08
-8.4282295160423413e-11
-1.0742187500000005e-17
-2.6469779601696886e-23
2.3507637229249482e-10
5.3710937500000018e-18
7.0370658461522675e-08
-8.4282295160423413e-11
7.7191299999999994e-05
3.0876520000000003e-04
7.7191299999999980e-05
1.0742187500000002e-17
6.4453125000000025e-15
5.3710937500000025e-18
4.2968750000000020e-17
0.0000000000000000e+00
-1.0742187500000004e-17
1.0742187500000004e-17
-6.4453125000000025e-15
5.3710937500000018e-18
-6.4453125000000025e-15
5.6834862534483078e-05
7.0370658461522675e-08
0.0000000000000000e+00
3.4947807493103389e-04
-5.2939559203393771e-23
6.4453125000000025e-15
5.6834862534483071e-05
-7.0370658461522702e-08
5.3710937500000018e-18
-7.0370658461522702e-08
-8.4282295160423413e-11
-1.0742187500000005e-17
-2.6469779601696886e-23
2.3507637229249482e-10
5.3710937500000018e-18
7.0370658461522675e-08
-8.4282295160423413e-11
7.7191299999999994e-05
3.0876520000000003e-04
7.7191299999999980e-05
1.0742187500000002e-17
6.4453125000000025e-15
5.3710937500000025e-18
4.2968750000000020e-17
0.0000000000000000e+00
-1.0742187500000004e-17
1.0742187500000004e-17
-6.4453125000000025e-15
5.3710937500000018e-18
-6.4453125000000025e-15
5.6834862534483078e-05
7.0370658461522675e-08
0.0000000000000000e+00
3.4947807493103389e-04
-5.2939559203393771e-23
6.4453125000000025e-15
5.6834862534483071e-05
-7.0370658461522702e-08
5.3710937500000018e-18
-7.0370658461522702e-08
-8.4282295160423413e-11
-1.0742187500000005e-17
-2.6469779601696886e-23
2.3507637229249482e-10
5.3710937500000018e-18
7.0370658461522675e-08
-8.4282295160423413e-11
7.7191299999999994e-05
3.0876520000000003e-04
7.7191299999999980e-05
1.0742187500000002e-17
6.4453125000000025e-15
5.3710937500000025e-18
4.2968750000000020e-17
0.0000000000000000e+00
-1.0742187500000004e-17
1.0742187500000004e-17
-6.4453125000000025e-15
5.3710937500000018e-18
-6.4453125000000025e-15
5.6834862534483078e-05
7.0370658461522675e-08
0.0000000000000000e+00
3.4947807493103389e-04
-5.2939559203393771e-23
6.4453125000000025e-15
5.6834862534483071e-05
-7.0370658461522702e-08
5.3710937500000018e-18
-7.0370658461522702e-08
-8.4282295160423413e-11
-1.0742187500000005e-17
-2.6469779601696886e-23
2.3507637229249482e-10
5.3710937500000018e-18
7.0370658461522675e-08
-8.4282295160423413e-11
7.7191299999999994e-05
3.0876520000000003e-04
7.7191299999999980e-05
1.0742187500000002e-17
6.4453125000000025e-15
5.3710937500000025e-18
4.2968750000000020e-17
0.0000000000000000e+00
-1.0742187500000004e-17
1.0742187500000004e-17
-6.4453125000000025e-15
5.3710937500000018e-18
-6.4453125000000025e-15
5.6834862534483078e-05
7.0370658461522675e-08
0.0000000000000000e+00
3.4947807493103389e-04
-5.2939559203393771e-23
6.4453125000000025e-15
5.6834862534483071e-05
-7.0370658461522702e-08
5.3710937500000018e-18
-7.0370658461522702e-08
-8.4282295160423413e-11
-1.0742187500000005e-17
-2.6469779601696886e-23
2.3507637229249482e-10
5.3710937500000018e-18
7.0370658461522675e-08
-8.4282295160423413e-11
7.7191299999999994e-05
3.0876520000000003e-04
7.7191299999999980e-05
1.0742187500000002e-17
6.4453125000000025e-15
5.3710937500000025e-18
4.2968750000000020e-17
0.0000000000000000e+00
-1.0742187500000004e-17
1.0742187500000004e-17
-6.4453125000000025e-15
5.3710937500000018e-18
-6.4453125000000025e-15
5.6834862534483078e-05
7.0370658461522675e-08
0.0000000000000000e+00
3.4947807493103389e-04
-5.2939559203393771e-23
6.4453125000000025e-15
5.6834862534483071e-05
-7.0370658461522702e-08
5.3710937500000018e-18
-7.0370658461522702e-08
-8.4282295160423413e-11
-1.0742187500000005e-17
-2.6469779601696886e-23
2.3507637229249482e-10
5.3710937500000018e-18
7.0370658461522675e-08
-8.4282295160423413e-11
7.7191299999999994e-05
3.0876520000000003e-04
7.7191299999999980e-05
1.0742187500000002e-17
6.4453125000000025e-15
5.3710937500000025e-18
4.2968750000000020e-17
0.0000000000000000e+00
-1.0742187500000004e-17
1.0742187500000004e-17
-6.4453125000000025e-15
5.3710937500000018e-18
-6.4453125000000025e-15
5.6834862534483078e-05
7.0370658461522675e-08
0.0000000000000000e+00
3.4947807493103389e-04
-5.2939559203393771e-23
6.4453125000000025e-15
5.6834862534483071e-05
-7.0370658461522702e-08
5.3710937500000018e-18
-7.0370658461522702e-08
-8.4282295160423413e-11
-1.0742187500000005e-17
-2.6469779601696886e-23
2.3507637229249482e-10
5.3710937500000018e-18
7.0370658461522675e-08
-8.4282295160423413e-11
7.7191299999999994e-05
3.0876520000000003e-04
7.7191299999999980e-05
1.0742187500000002e-17
6.4453125000000025e-15
5.3710937500000025e-18
4.2968750000000020e-17
0.0000000000000000e+00
-1.0742187500000004e-17
1.0742187500000004e-17
-6.4453125000000025e-15
5.3710937500000018e-18
-6.4453125000000025e-15
5.6834862534483078e-05
7.0370658461522675e-08
0.0000000000000000e+00
3.4947807493103389e-04
-5.2939559203393771e-23
6.4453125000000025e-15
5.6834862534483071e-05
-7.0370658461522702e-08
5.3710937500000018e-18
-7.0370658461522702e-08
-8.4282295160423413e-11
-1.0742187500000005e-17
-2.6469779601696886e-23
2.3507637229249482e-10
5.3710937500000018e-18
7.0370658461522675e-08
-8.4282295160423413e-11
7.7191299999999994e-05
3.0876520000000003e-04
7.7191299999999980e-05
1.0742187500000002e-17
6.4453125000000025e-15
5.3710937500000025e-18
4.2968750000000020e-17
0.0000000000000000e+00
-1.0742187500000004e-17
1.0742187500000004e-17
-6.4453125000000025e-15
5.3710937500000018e-18
-6.4453125000000025e-15
5.6834862534483078e-05
7.0370658461522675e-08
0.0000000000000000e+00
3.4947807493103389e-04
-5.2939559203393771e-23
6.4453125000000025e-15
5.6834862534483071e-05
-7.0370658461522702e-08
5.3710937500000018e-18
-7.0370658461522702e-08
-8.4282295160423413e-11
-1.0742187500000005e-17
-2.6469779601696886e-23
2.3507637229249482e-10
5.3710937500000018e-18
7.0370658461522675e-08
-8.4282295160423413e-11
7.7191299999999994e-05
3.0876520000000003e-04
7.7191299999999980e-05
1.0742187500000002e-17
6.4453125000000025e-15
5.3710937500000025e-18
4.2968750000000020e-17
0.0000000000000000e+00
-1.0742187500000004e-17
1.0742187500000004e-17
-6.4453125000000025e-15
5.3710937500000018e-18
-6.4453125000000025e-15
5.6834862534483078e-05
7.0370658461522675e-08
0.0000000000000000e+00
3.4947807493103389e-04
-5.2939559203393771e-23
6.4453125000000025e-15
5.6834862534483071e-05
-7.0370658461522702e-08
5.3710937500000018e-18
-7.0370658461522702e-08
-8.4282295160423413e-11
-1.0742187500000005e-17
-2.6469779601696886e-23
2.3507637229249482e-10
5.3710937500000018e-18
7.0370658461522675e-08
-8.4282295160423413e-11
7.7191299999999994e-05
1.5438260000000001e-04
1.0742187500000002e-17
6.4453125000000025e-15
5.3710937500000025e-18
2.1484375000000010e-17
-6.4453125000000025e-15
-5.3710937500000041e-18
-6.4453125000000025e-15
5.6834862534483078e-05
7.0370658461522675e-08
-6.4453125000000025e-15
1.7473903746551694e-04
-1.2260759153847733e-07
5.3710937500000018e-18
-7.0370658461522702e-08
-8.4282295160423413e-11
-5.3710937500000041e-18
-1.2260759153847733e-07
1.1753818614624743e-10
