2.9800000000000009e-04
-1.4900000000000004e-04
8.3334885416666681e-10
1.0097419586828951e-27
-1.5520833333333335e-14
2.0832557291666669e-10
-5.0487097934144756e-28
7.7604166666666688e-15
-2.0194839173657902e-28
7.4500000000000030e-09
0.0000000000000000e+00
1.0097419586828951e-28
-3.7250000000000015e-09
9.3125000000000034e-12
-1.5520833333333335e-14
-1.6155871338926322e-27
6.2083333333333351e-14
7.7604166666666673e-15
-9.3125000000000018e-12
1.5520833333333341e-14
-1.4900000000000004e-04
2.9800000000000009e-04
-1.4900000000000004e-04
2.0832557291666669e-10
-5.0487097934144756e-28
7.7604166666666673e-15
8.3334885416666681e-10
1.0097419586828951e-27
-1.5520833333333335e-14
2.0832557291666669e-10
-5.0487097934144756e-28
7.7604166666666688e-15
1.0097419586828951e-28
-3.7250000000000015e-09
-9.3125000000000034e-12
-2.0194839173657902e-28
7.4500000000000030e-09
0.0000000000000000e+00
1.0097419586828951e-28
-3.7250000000000015e-09
9.3125000000000034e-12
7.7604166666666688e-15
9.3125000000000034e-12
1.5520833333333341e-14
-1.5520833333333335e-14
-1.6155871338926322e-27
6.2083333333333351e-14
7.7604166666666673e-15
-9.3125000000000018e-12
1.5520833333333341e-14
-1.4900000000000004e-04
2.9800000000000009e-04
-1.4900000000000004e-04
2.0832557291666669e-10
-5.0487097934144756e-28
7.7604166666666673e-15
8.3334885416666681e-10
1.0097419586828951e-27
-1.5520833333333335e-14
2.0832557291666669e-10
-5.0487097934144756e-28
7.7604166666666688e-15
1.0097419586828951e-28
-3.7250000000000015e-09
-9.3125000000000034e-12
-2.0194839173657902e-28
7.4500000000000030e-09
0.0000000000000000e+00
1.0097419586828951e-28
-3.7250000000000015e-09
9.3125000000000034e-12
7.7604166666666688e-15
9.3125000000000034e-12
1.5520833333333341e-14
-1.5520833333333335e-14
-1.6155871338926322e-27
6.2083333333333351e-14
7.7604166666666673e-15
-9.3125000000000018e-12
1.5520833333333341e-14
-1.4900000000000004e-04
2.9800000000000009e-04
-1.4900000000000004e-04
2.0832557291666669e-10
-5.0487097934144756e-28
7.7604166666666673e-15
8.3334885416666681e-10
1.0097419586828951e-27
-1.5520833333333335e-14
2.0832557291666669e-10
-5.0487097934144756e-28
7.7604166666666688e-15
1.0097419586828951e-28
-3.7250000000000015e-09
-9.3125000000000034e-12
-2.0194839173657902e-28
7.4500000000000030e-09
0.0000000000000000e+00
1.0097419586828951e-28
-3.7250000000000015e-09
9.3125000000000034e-12
7.7604166666666688e-15
9.3125000000000034e-12
1.5520833333333341e-14
-1.5520833333333335e-14
-1.6155871338926322e-27
6.2083333333333351e-14
7.7604166666666673e-15
-9.3125000000000018e-12
1.5520833333333341e-14
-1.4900000000000004e-04
2.9800000000000009e-04
-1.4900000000000004e-04
2.0832557291666669e-10
-5.0487097934144756e-28
7.7604166666666673e-15
8.3334885416666681e-10
1.0097419586828951e-27
-1.5520833333333335e-14
2.0832557291666669e-10
-5.0487097934144756e-28
7.7604166666666688e-15
1.0097419586828951e-28
-3.7250000000000015e-09
-9.3125000000000034e-12
-2.0194839173657902e-28
7.4500000000000030e-09
0.0000000000000000e+00
1.0097419586828951e-28
-3.7250000000000015e-09
9.3125000000000034e-12
7.7604166666666688e-15
9.3125000000000034e-12
1.5520833333333341e-14
-1.5520833333333335e-14
-1.6155871338926322e-27
6.2083333333333351e-14
7.7604166666666673e-15
-9.3125000000000018e-12
1.5520833333333341e-14
-1.4900000000000004e-04
2.9800000000000009e-04
-1.4900000000000004e-04
2.0832557291666669e-10
-5.0487097934144756e-28
7.7604166666666673e-15
8.3334885416666681e-10
1.0097419586828951e-27
-1.5520833333333335e-14
2.0832557291666669e-10
-5.0487097934144756e-28
7.7604166666666688e-15
1.0097419586828951e-28
-3.7250000000000015e-09
-9.3125000000000034e-12
-2.0194839173657902e-28
7.4500000000000030e-09
0.0000000000000000e+00
1.0097419586828951e-28
-3.7250000000000015e-09
9.3125000000000034e-12
7.7604166666666688e-15
9.3125000000000034e-12
1.5520833333333341e-14
-1.5520833333333335e-14
-1.6155871338926322e-27
6.2083333333333351e-14
7.7604166666666673e-15
-9.3125000000000018e-12
1.5520833333333341e-14
-1.4900000000000004e-04
2.9800000000000009e-04
-1.4900000000000004e-04
2.0832557291666669e-10
-5.0487097934144756e-28
7.7604166666666673e-15
8.3334885416666681e-10
1.0097419586828951e-27
-1.5520833333333335e-14
2.0832557291666669e-10
-5.0487097934144756e-28
7.7604166666666688e-15
1.0097419586828951e-28
-3.7250000000000015e-09
-9.3125000000000034e-12
-2.0194839173657902e-28
7.4500000000000030e-09
0.0000000000000000e+00
1.0097419586828951e-28
-3.7250000000000015e-09
9.3125000000000034e-12
7.7604166666666688e-15
9.3125000000000034e-12
1.5520833333333341e-14
-1.5520833333333335e-14
-1.6155871338926322e-27
6.2083333333333351e-14
7.7604166666666673e-15
-9.3125000000000018e-12
1.5520833333333341e-14
-1.4900000000000004e-04
2.9800000000000009e-04
-1.4900000000000004e-04
2.0832557291666669e-10
-5.0487097934144756e-28
7.7604166666666673e-15
8.3334885416666681e-10
1.0097419586828951e-27
-1.5520833333333335e-14
2.0832557291666669e-10
-5.0487097934144756e-28
7.7604166666666688e-15
1.0097419586828951e-28
-3.7250000000000015e-09
-9.3125000000000034e-12
-2.0194839173657902e-28
7.4500000000000030e-09
0.0000000000000000e+00
1.0097419586828951e-28
-3.7250000000000015e-09
9.3125000000000034e-12
7.7604166666666688e-15
9.3125000000000034e-12
1.5520833333333341e-14
-1.5520833333333335e-14
-1.6155871338926322e-27
6.2083333333333351e-14
7.7604166666666673e-15
-9.3125000000000018e-12
1.5520833333333341e-14
-1.4900000000000004e-04
2.9800000000000009e-04
-1.4900000000000004e-04
2.0832557291666669e-10
-5.0487097934144756e-28
7.7604166666666673e-15
8.3334885416666681e-10
1.0097419586828951e-27
-1.5520833333333335e-14
2.0832557291666669e-10
-5.0487097934144756e-28
7.7604166666666688e-15
1.0097419586828951e-28
-3.7250000000000015e-09
-9.3125000000000034e-12
-2.0194839173657902e-28
7.4500000000000030e-09
0.0000000000000000e+00
1.0097419586828951e-28
-3.7250000000000015e-09
9.3125000000000034e-12
7.7604166666666688e-15
9.3125000000000034e-12
1.5520833333333341e-14
-1.5520833333333335e-14
-1.6155871338926322e-27
6.2083333333333351e-14
7.7604166666666673e-15
-9.3125000000000018e-12
1.5520833333333341e-14
-1.4900000000000004e-04
2.9800000000000009e-04
-1.4900000000000004e-04
2.0832557291666669e-10
-5.0487097934144756e-28
7.7604166666666673e-15
8.3334885416666681e-10
1.0097419586828951e-27
-1.5520833333333335e-14
2.0832557291666669e-10
-5.0487097934144756e-28
7.7604166666666688e-15
1.0097419586828951e-28
-3.7250000000000015e-09
-9.3125000000000034e-12
-2.0194839173657902e-28
7.4500000000000030e-09
0.0000000000000000e+00
1.0097419586828951e-28
-3.7250000000000015e-09
9.3125000000000034e-12
7.7604166666666688e-15
9.3125000000000034e-12
1.5520833333333341e-14
-1.5520833333333335e-14
-1.6155871338926322e-27
6.2083333333333351e-14
7.7604166666666673e-15
-9.3125000000000018e-12
1.5520833333333341e-14
-1.4900000000000004e-04
2.9800000000000009e-04
-1.4900000000000004e-04
2.0832557291666669e-10
-5.0487097934144756e-28
7.7604166666666673e-15
8.3334885416666681e-10
1.0097419586828951e-27
-1.5520833333333335e-14
2.0832557291666669e-10
-5.0487097934144756e-28
7.7604166666666688e-15
1.0097419586828951e-28
-3.7250000000000015e-09
-9.3125000000000034e-12
-2.0194839173657902e-28
7.4500000000000030e-09
0.0000000000000000e+00
1.0097419586828951e-28
-3.7250000000000015e-09
9.3125000000000034e-12
7.7604166666666688e-15
9.3125000000000034e-12
1.5520833333333341e-14
-1.5520833333333335e-14
-1.6155871338926322e-27
6.2083333333333351e-14
7.7604166666666673e-15
-9.3125000000000018e-12
1.5520833333333341e-14
-1.4900000000000004e-04
2.9800000000000009e-04
-1.4900000000000004e-04
2.0832557291666669e-10
-5.0487097934144756e-28
7.7604166666666673e-15
8.3334885416666681e-10
1.0097419586828951e-27
-1.5520833333333335e-14
2.0832557291666669e-10
-5.0487097934144756e-28
7.7604166666666688e-15
1.0097419586828951e-28
-3.7250000000000015e-09
-9.3125000000000034e-12
-2.0194839173657902e-28
7.4500000000000030e-09
0.0000000000000000e+00
1.0097419586828951e-28
-3.7250000000000015e-09
9.3125000000000034e-12
7.7604166666666688e-15
9.3125000000000034e-12
1.5520833333333341e-14
-1.5520833333333335e-14
-1.6155871338926322e-27
6.2083333333333351e-14
7.7604166666666673e-15
-9.3125000000000018e-12
1.5520833333333341e-14
-1.4900000000000004e-04
2.9800000000000009e-04
-1.4900000000000004e-04
2.0832557291666669e-10
-5.0487097934144756e-28
7.7604166666666673e-15
8.3334885416666681e-10
1.0097419586828951e-27
-1.5520833333333335e-14
2.0832557291666669e-10
-5.0487097934144756e-28
7.7604166666666688e-15
1.0097419586828951e-28
-3.7250000000000015e-09
-9.3125000000000034e-12
-2.0194839173657902e-28
7.4500000000000030e-09
0.0000000000000000e+00
1.0097419586828951e-28
-3.7250000000000015e-09
9.3125000000000034e-12
7.7604166666666688e-15
9.3125000000000034e-12
1.5520833333333341e-14
-1.5520833333333335e-14
-1.6155871338926322e-27
6.2083333333333351e-14
7.7604166666666673e-15
-9.3125000000000018e-12
1.5520833333333341e-14
-1.4900000000000004e-04
2.9800000000000009e-04
-1.4900000000000004e-04
2.0832557291666669e-10
-5.0487097934144756e-28
7.7604166666666673e-15
8.3334885416666681e-10
1.0097419586828951e-27
-1.5520833333333335e-14
2.0832557291666669e-10
-5.0487097934144756e-28
7.7604166666666688e-15
1.0097419586828951e-28
-3.7250000000000015e-09
-9.3125000000000034e-12
-2.0194839173657902e-28
7.4500000000000030e-09
0.0000000000000000e+00
1.0097419586828951e-28
-3.7250000000000015e-09
9.3125000000000034e-12
7.7604166666666688e-15
9.3125000000000034e-12
1.5520833333333341e-14
-1.5520833333333335e-14
-1.6155871338926322e-27
6.2083333333333351e-14
7.7604166666666673e-15
-9.3125000000000018e-12
1.5520833333333341e-14
-1.4900000000000004e-04
2.9800000000000009e-04
-1.4900000000000004e-04
2.0832557291666669e-10
-5.0487097934144756e-28
7.7604166666666673e-15
8.3334885416666681e-10
1.0097419586828951e-27
-1.5520833333333335e-14
2.0832557291666669e-10
-5.0487097934144756e-28
7.7604166666666688e-15
1.0097419586828951e-28
-3.7250000000000015e-09
-9.3125000000000034e-12
-2.0194839173657902e-28
7.4500000000000030e-09
0.0000000000000000e+00
1.0097419586828951e-28
-3.7250000000000015e-09
9.3125000000000034e-12
7.7604166666666688e-15
9.3125000000000034e-12
1.5520833333333341e-14
-1.5520833333333335e-14
-1.6155871338926322e-27
6.2083333333333351e-14
7.7604166666666673e-15
-9.3125000000000018e-12
1.5520833333333341e-14
-1.4900000000000004e-04
2.9800000000000009e-04
-1.4900000000000004e-04
2.0832557291666669e-10
-5.0487097934144756e-28
7.7604166666666673e-15
8.3334885416666681e-10
1.0097419586828951e-27
-1.5520833333333335e-14
2.0832557291666669e-10
-5.0487097934144756e-28
7.7604166666666688e-15
1.0097419586828951e-28
-3.7250000000000015e-09
-9.3125000000000034e-12
-2.0194839173657902e-28
7.4500000000000030e-09
0.0000000000000000e+00
1.0097419586828951e-28
-3.7250000000000015e-09
9.3125000000000034e-12
7.7604166666666688e-15
9.3125000000000034e-12
1.5520833333333341e-14
-1.5520833333333335e-14
-1.6155871338926322e-27
6.2083333333333351e-14
7.7604166666666673e-15
-9.3125000000000018e-12
1.5520833333333341e-14
-1.4900000000000004e-04
2.9800000000000009e-04
-1.4900000000000004e-04
2.0832557291666669e-10
-5.0487097934144756e-28
7.7604166666666673e-15
8.3334885416666681e-10
1.0097419586828951e-27
-1.5520833333333335e-14
2.0832557291666669e-10
-5.0487097934144756e-28
7.7604166666666688e-15
1.0097419586828951e-28
-3.7250000000000015e-09
-9.3125000000000034e-12
-2.0194839173657902e-28
7.4500000000000030e-09
0.0000000000000000e+00
1.0097419586828951e-28
-3.7250000000000015e-09
9.3125000000000034e-12
7.7604166666666688e-15
9.3125000000000034e-12
1.5520833333333341e-14
-1.5520833333333335e-14
-1.6155871338926322e-27
6.2083333333333351e-14
7.7604166666666673e-15
-9.3125000000000018e-12
1.5520833333333341e-14
-1.4900000000000004e-04
2.9800000000000009e-04
-1.4900000000000004e-04
2.0832557291666669e-10
-5.0487097934144756e-28
7.7604166666666673e-15
8.3334885416666681e-10
1.0097419586828951e-27
-1.5520833333333335e-14
2.0832557291666669e-10
-5.0487097934144756e-28
7.7604166666666688e-15
1.0097419586828951e-28
-3.7250000000000015e-09
-9.3125000000000034e-12
-2.0194839173657902e-28
7.4500000000000030e-09
0.0000000000000000e+00
1.0097419586828951e-28
-3.7250000000000015e-09
9.3125000000000034e-12
7.7604166666666688e-15
9.3125000000000034e-12
1.5520833333333341e-14
-1.5520833333333335e-14
-1.6155871338926322e-27
6.2083333333333351e-14
7.7604166666666673e-15
-9.3125000000000018e-12
1.5520833333333341e-14
-1.4900000000000004e-04
2.9800000000000009e-04
-1.4900000000000004e-04
2.0832557291666669e-10
-5.0487097934144756e-28
7.7604166666666673e-15
8.3334885416666681e-10
1.0097419586828951e-27
-1.5520833333333335e-14
2.0832557291666669e-10
-5.0487097934144756e-28
7.7604166666666688e-15
1.0097419586828951e-28
-3.7250000000000015e-09
-9.3125000000000034e-12
-2.0194839173657902e-28
7.4500000000000030e-09
0.0000000000000000e+00
1.0097419586828951e-28
-3.7250000000000015e-09
9.3125000000000034e-12
7.7604166666666688e-15
9.3125000000000034e-12
1.5520833333333341e-14
-1.5520833333333335e-14
-1.6155871338926322e-27
6.2083333333333351e-14
7.7604166666666673e-15
-9.3125000000000018e-12
1.5520833333333341e-14
-1.4900000000000004e-04
2.9800000000000009e-04
-1.4900000000000004e-04
2.0832557291666669e-10
-5.0487097934144756e-28
7.7604166666666673e-15
8.3334885416666681e-10
1.0097419586828951e-27
-1.5520833333333335e-14
2.0832557291666669e-10
-5.0487097934144756e-28
7.7604166666666688e-15
1.0097419586828951e-28
-3.7250000000000015e-09
-9.3125000000000034e-12
-2.0194839173657902e-28
7.4500000000000030e-09
0.0000000000000000e+00
1.0097419586828951e-28
-3.7250000000000015e-09
9.3125000000000034e-12
7.7604166666666688e-15
9.3125000000000034e-12
1.5520833333333341e-14
-1.5520833333333335e-14
-1.6155871338926322e-27
6.2083333333333351e-14
7.7604166666666673e-15
-9.3125000000000018e-12
1.5520833333333341e-14
-1.4900000000000004e-04
2.9800000000000009e-04
-1.4900000000000004e-04
2.0832557291666669e-10
-5.0487097934144756e-28
7.7604166666666673e-15
8.3334885416666681e-10
1.0097419586828951e-27
-1.5520833333333335e-14
2.0832557291666669e-10
-5.0487097934144756e-28
7.7604166666666688e-15
1.0097419586828951e-28
-3.7250000000000015e-09
-9.3125000000000034e-12
-2.0194839173657902e-28
7.4500000000000030e-09
0.0000000000000000e+00
1.0097419586828951e-28
-3.7250000000000015e-09
9.3125000000000034e-12
7.7604166666666688e-15
9.3125000000000034e-12
1.5520833333333341e-14
-1.5520833333333335e-14
-1.6155871338926322e-27
6.2083333333333351e-14
7.7604166666666673e-15
-9.3125000000000018e-12
1.5520833333333341e-14
-1.4900000000000004e-04
2.9800000000000009e-04
-1.4900000000000004e-04
2.0832557291666669e-10
-5.0487097934144756e-28
7.7604166666666673e-15
8.3334885416666681e-10
1.0097419586828951e-27
-1.5520833333333335e-14
2.0832557291666669e-10
-5.0487097934144756e-28
7.7604166666666688e-15
1.0097419586828951e-28
-3.7250000000000015e-09
-9.3125000000000034e-12
-2.0194839173657902e-28
7.4500000000000030e-09
0.0000000000000000e+00
1.0097419586828951e-28
-3.7250000000000015e-09
9.3125000000000034e-12
7.7604166666666688e-15
9.3125000000000034e-12
1.5520833333333341e-14
-1.5520833333333335e-14
-1.6155871338926322e-27
6.2083333333333351e-14
7.7604166666666673e-15
-9.3125000000000018e-12
1.5520833333333341e-14
-1.4900000000000004e-04
2.9800000000000009e-04
-1.4900000000000004e-04
2.0832557291666669e-10
-5.0487097934144756e-28
7.7604166666666673e-15
8.3334885416666681e-10
1.0097419586828951e-27
-1.5520833333333335e-14
2.0832557291666669e-10
-5.0487097934144756e-28
7.7604166666666688e-15
1.0097419586828951e-28
-3.7250000000000015e-09
-9.3125000000000034e-12
-2.0194839173657902e-28
7.4500000000000030e-09
0.0000000000000000e+00
1.0097419586828951e-28
-3.7250000000000015e-09
9.3125000000000034e-12
7.7604166666666688e-15
9.3125000000000034e-12
1.5520833333333341e-14
-1.5520833333333335e-14
-1.6155871338926322e-27
6.2083333333333351e-14
7.7604166666666673e-15
-9.3125000000000018e-12
1.5520833333333341e-14
-1.4900000000000004e-04
2.9800000000000009e-04
-1.4900000000000004e-04
2.0832557291666669e-10
-5.0487097934144756e-28
7.7604166666666673e-15
8.3334885416666681e-10
1.0097419586828951e-27
-1.5520833333333335e-14
2.0832557291666669e-10
-5.0487097934144756e-28
7.7604166666666688e-15
1.0097419586828951e-28
-3.7250000000000015e-09
-9.3125000000000034e-12
-2.0194839173657902e-28
7.4500000000000030e-09
0.0000000000000000e+00
1.0097419586828951e-28
-3.7250000000000015e-09
9.3125000000000034e-12
7.7604166666666688e-15
9.3125000000000034e-12
1.5520833333333341e-14
-1.5520833333333335e-14
-1.6155871338926322e-27
6.2083333333333351e-14
7.7604166666666673e-15
-9.3125000000000018e-12
1.5520833333333341e-14
-1.4900000000000004e-04
2.9800000000000009e-04
-1.4900000000000004e-04
2.0832557291666669e-10
-5.0487097934144756e-28
7.7604166666666673e-15
8.3334885416666681e-10
1.0097419586828951e-27
-1.5520833333333335e-14
2.0832557291666669e-10
-5.0487097934144756e-28
7.7604166666666688e-15
1.0097419586828951e-28
-3.7250000000000015e-09
-9.3125000000000034e-12
-2.0194839173657902e-28
7.4500000000000030e-09
0.0000000000000000e+00
1.0097419586828951e-28
-3.7250000000000015e-09
9.3125000000000034e-12
7.7604166666666688e-15
9.3125000000000034e-12
1.5520833333333341e-14
-1.5520833333333335e-14
-1.6155871338926322e-27
6.2083333333333351e-14
7.7604166666666673e-15
-9.3125000000000018e-12
1.5520833333333341e-14
-1.4900000000000004e-04
2.9800000000000009e-04
-1.4900000000000004e-04
2.0832557291666669e-10
-5.0487097934144756e-28
7.7604166666666673e-15
8.3334885416666681e-10
1.0097419586828951e-27
-1.5520833333333335e-14
2.0832557291666669e-10
-5.0487097934144756e-28
7.7604166666666688e-15
1.0097419586828951e-28
-3.7250000000000015e-09
-9.3125000000000034e-12
-2.0194839173657902e-28
7.4500000000000030e-09
0.0000000000000000e+00
1.0097419586828951e-28
-3.7250000000000015e-09
9.3125000000000034e-12
7.7604166666666688e-15
9.3125000000000034e-12
1.5520833333333341e-14
-1.5520833333333335e-14
-1.6155871338926322e-27
6.2083333333333351e-14
7.7604166666666673e-15
-9.3125000000000018e-12
1.5520833333333341e-14
-1.4900000000000004e-04
2.9800000000000009e-04
-1.4900000000000004e-04
2.0832557291666669e-10
-5.0487097934144756e-28
7.7604166666666673e-15
8.3334885416666681e-10
1.0097419586828951e-27
-1.5520833333333335e-14
2.0832557291666669e-10
-5.0487097934144756e-28
7.7604166666666688e-15
1.0097419586828951e-28
-3.7250000000000015e-09
-9.3125000000000034e-12
-2.0194839173657902e-28
7.4500000000000030e-09
0.0000000000000000e+00
1.0097419586828951e-28
-3.7250000000000015e-09
9.3125000000000034e-12
7.7604166666666688e-15
9.3125000000000034e-12
1.5520833333333341e-14
-1.5520833333333335e-14
-1.6155871338926322e-27
6.2083333333333351e-14
7.7604166666666673e-15
-9.3125000000000018e-12
1.5520833333333341e-14
-1.4900000000000004e-04
2.9800000000000009e-04
-1.4900000000000004e-04
2.0832557291666669e-10
-5.0487097934144756e-28
7.7604166666666673e-15
8.3334885416666681e-10
1.0097419586828951e-27
-1.5520833333333335e-14
2.0832557291666669e-10
-5.0487097934144756e-28
7.7604166666666688e-15
1.0097419586828951e-28
-3.7250000000000015e-09
-9.3125000000000034e-12
-2.0194839173657902e-28
7.4500000000000030e-09
0.0000000000000000e+00
1.0097419586828951e-28
-3.7250000000000015e-09
9.3125000000000034e-12
7.7604166666666688e-15
9.3125000000000034e-12
1.5520833333333341e-14
-1.5520833333333335e-14
-1.6155871338926322e-27
6.2083333333333351e-14
7.7604166666666673e-15
-9.3125000000000018e-12
1.5520833333333341e-14
-1.4900000000000004e-04
2.9800000000000009e-04
-1.4900000000000004e-04
2.0832557291666669e-10
-5.0487097934144756e-28
7.7604166666666673e-15
8.3334885416666681e-10
1.0097419586828951e-27
-1.5520833333333335e-14
2.0832557291666669e-10
-5.0487097934144756e-28
7.7604166666666688e-15
1.0097419586828951e-28
-3.7250000000000015e-09
-9.3125000000000034e-12
-2.0194839173657902e-28
7.4500000000000030e-09
0.0000000000000000e+00
1.0097419586828951e-28
-3.7250000000000015e-09
9.3125000000000034e-12
7.7604166666666688e-15
9.3125000000000034e-12
1.5520833333333341e-14
-1.5520833333333335e-14
-1.6155871338926322e-27
6.2083333333333351e-14
7.7604166666666673e-15
-9.3125000000000018e-12
1.5520833333333341e-14
-1.4900000000000004e-04
2.9800000000000009e-04
-1.4900000000000004e-04
2.0832557291666669e-10
-5.0487097934144756e-28
7.7604166666666673e-15
8.3334885416666681e-10
1.0097419586828951e-27
-1.5520833333333335e-14
2.0832557291666669e-10
-5.0487097934144756e-28
7.7604166666666688e-15
1.0097419586828951e-28
-3.7250000000000015e-09
-9.3125000000000034e-12
-2.0194839173657902e-28
7.4500000000000030e-09
0.0000000000000000e+00
1.0097419586828951e-28
-3.7250000000000015e-09
9.3125000000000034e-12
7.7604166666666688e-15
9.3125000000000034e-12
1.5520833333333341e-14
-1.5520833333333335e-14
-1.6155871338926322e-27
6.2083333333333351e-14
7.7604166666666673e-15
-9.3125000000000018e-12
1.5520833333333341e-14
-1.4900000000000004e-04
2.9800000000000009e-04
-1.4900000000000004e-04
2.0832557291666669e-10
-5.0487097934144756e-28
7.7604166666666673e-15
8.3334885416666681e-10
1.0097419586828951e-27
-1.5520833333333335e-14
2.0832557291666669e-10
-5.0487097934144756e-28
7.7604166666666688e-15
1.0097419586828951e-28
-3.7250000000000015e-09
-9.3125000000000034e-12
-2.0194839173657902e-28
7.4500000000000030e-09
0.0000000000000000e+00
1.0097419586828951e-28
-3.7250000000000015e-09
9.3125000000000034e-12
7.7604166666666688e-15
9.3125000000000034e-12
1.5520833333333341e-14
-1.5520833333333335e-14
-1.6155871338926322e-27
6.2083333333333351e-14
7.7604166666666673e-15
-9.3125000000000018e-12
1.5520833333333341e-14
-1.4900000000000004e-04
2.9800000000000009e-04
-1.4900000000000004e-04
2.0832557291666669e-10
-5.0487097934144756e-28
7.7604166666666673e-15
8.3334885416666681e-10
1.0097419586828951e-27
-1.5520833333333335e-14
2.0832557291666669e-10
-5.0487097934144756e-28
7.7604166666666688e-15
1.0097419586828951e-28
-3.7250000000000015e-09
-9.3125000000000034e-12
-2.0194839173657902e-28
7.4500000000000030e-09
0.0000000000000000e+00
1.0097419586828951e-28
-3.7250000000000015e-09
9.3125000000000034e-12
7.7604166666666688e-15
9.3125000000000034e-12
1.5520833333333341e-14
-1.5520833333333335e-14
-1.6155871338926322e-27
6.2083333333333351e-14
7.7604166666666673e-15
-9.3125000000000018e-12
1.5520833333333341e-14
-1.4900000000000004e-04
2.9800000000000009e-04
-1.4900000000000004e-04
2.0832557291666669e-10
-5.0487097934144756e-28
7.7604166666666673e-15
8.3334885416666681e-10
1.0097419586828951e-27
-1.5520833333333335e-14
2.0832557291666669e-10
-5.0487097934144756e-28
7.7604166666666688e-15
1.0097419586828951e-28
-3.7250000000000015e-09
-9.3125000000000034e-12
-2.0194839173657902e-28
7.4500000000000030e-09
0.0000000000000000e+00
1.0097419586828951e-28
-3.7250000000000015e-09
9.3125000000000034e-12
7.7604166666666688e-15
9.3125000000000034e-12
1.5520833333333341e-14
-1.5520833333333335e-14
-1.6155871338926322e-27
6.2083333333333351e-14
7.7604166666666673e-15
-9.3125000000000018e-12
1.5520833333333341e-14
-1.4900000000000004e-04
2.9800000000000009e-04
-1.4900000000000004e-04
2.0832557291666669e-10
-5.0487097934144756e-28
7.7604166666666673e-15
8.3334885416666681e-10
1.0097419586828951e-27
-1.5520833333333335e-14
2.0832557291666669e-10
-5.0487097934144756e-28
7.7604166666666688e-15
1.0097419586828951e-28
-3.7250000000000015e-09
-9.3125000000000034e-12
-2.0194839173657902e-28
7.4500000000000030e-09
0.0000000000000000e+00
1.0097419586828951e-28
-3.7250000000000015e-09
9.3125000000000034e-12
7.7604166666666688e-15
9.3125000000000034e-12
1.5520833333333341e-14
-1.5520833333333335e-14
-1.6155871338926322e-27
6.2083333333333351e-14
7.7604166666666673e-15
-9.3125000000000018e-12
1.5520833333333341e-14
-1.4900000000000004e-04
2.9800000000000009e-04
-1.4900000000000004e-04
2.0832557291666669e-10
-5.0487097934144756e-28
7.7604166666666673e-15
8.3334885416666681e-10
1.0097419586828951e-27
-1.5520833333333335e-14
2.0832557291666669e-10
-5.0487097934144756e-28
7.7604166666666688e-15
1.0097419586828951e-28
-3.7250000000000015e-09
-9.3125000000000034e-12
-2.0194839173657902e-28
7.4500000000000030e-09
0.0000000000000000e+00
1.0097419586828951e-28
-3.7250000000000015e-09
9.3125000000000034e-12
7.7604166666666688e-15
9.3125000000000034e-12
1.5520833333333341e-14
-1.5520833333333335e-14
-1.6155871338926322e-27
6.2083333333333351e-14
7.7604166666666673e-15
-9.3125000000000018e-12
1.5520833333333341e-14
-1.4900000000000004e-04
2.9800000000000009e-04
-1.4900000000000004e-04
2.0832557291666669e-10
-5.0487097934144756e-28
7.7604166666666673e-15
8.3334885416666681e-10
1.0097419586828951e-27
-1.5520833333333335e-14
2.0832557291666669e-10
-5.0487097934144756e-28
7.7604166666666688e-15
1.0097419586828951e-28
-3.7250000000000015e-09
-9.3125000000000034e-12
-2.0194839173657902e-28
7.4500000000000030e-09
0.0000000000000000e+00
1.0097419586828951e-28
-3.7250000000000015e-09
9.3125000000000034e-12
7.7604166666666688e-15
9.3125000000000034e-12
1.5520833333333341e-14
-1.5520833333333335e-14
-1.6155871338926322e-27
6.2083333333333351e-14
7.7604166666666673e-15
-9.3125000000000018e-12
1.5520833333333341e-14
-1.4900000000000004e-04
2.9800000000000009e-04
-1.4900000000000004e-04
2.0832557291666669e-10
-5.0487097934144756e-28
7.7604166666666673e-15
8.3334885416666681e-10
1.0097419586828951e-27
-1.5520833333333335e-14
2.0832557291666669e-10
-5.0487097934144756e-28
7.7604166666666688e-15
1.0097419586828951e-28
-3.7250000000000015e-09
-9.3125000000000034e-12
-2.0194839173657902e-28
7.4500000000000030e-09
0.0000000000000000e+00
1.0097419586828951e-28
-3.7250000000000015e-09
9.3125000000000034e-12
7.7604166666666688e-15
9.3125000000000034e-12
1.5520833333333341e-14
-1.5520833333333335e-14
-1.6155871338926322e-27
6.2083333333333351e-14
7.7604166666666673e-15
-9.3125000000000018e-12
1.5520833333333341e-14
-1.4900000000000004e-04
2.9800000000000009e-04
-1.4900000000000004e-04
2.0832557291666669e-10
-5.0487097934144756e-28
7.7604166666666673e-15
8.3334885416666681e-10
1.0097419586828951e-27
-1.5520833333333335e-14
2.0832557291666669e-10
-5.0487097934144756e-28
7.7604166666666688e-15
1.0097419586828951e-28
-3.7250000000000015e-09
-9.3125000000000034e-12
-2.0194839173657902e-28
7.4500000000000030e-09
0.0000000000000000e+00
1.0097419586828951e-28
-3.7250000000000015e-09
9.3125000000000034e-12
7.7604166666666688e-15
9.3125000000000034e-12
1.5520833333333341e-14
-1.5520833333333335e-14
-1.6155871338926322e-27
6.2083333333333351e-14
7.7604166666666673e-15
-9.3125000000000018e-12
1.5520833333333341e-14
-1.4900000000000004e-04
2.9800000000000009e-04
-1.4900000000000004e-04
2.0832557291666669e-10
-5.0487097934144756e-28
7.7604166666666673e-15
8.3334885416666681e-10
1.0097419586828951e-27
-1.5520833333333335e-14
2.0832557291666669e-10
-5.0487097934144756e-28
7.7604166666666688e-15
1.0097419586828951e-28
-3.7250000000000015e-09
-9.3125000000000034e-12
-2.0194839173657902e-28
7.4500000000000030e-09
0.0000000000000000e+00
1.0097419586828951e-28
-3.7250000000000015e-09
9.3125000000000034e-12
7.7604166666666688e-15
9.3125000000000034e-12
1.5520833333333341e-14
-1.5520833333333335e-14
-1.6155871338926322e-27
6.2083333333333351e-14
7.7604166666666673e-15
-9.3125000000000018e-12
1.5520833333333341e-14
-1.4900000000000004e-04
2.9800000000000009e-04
-1.4900000000000004e-04
2.0832557291666669e-10
-5.0487097934144756e-28
7.7604166666666673e-15
8.3334885416666681e-10
1.0097419586828951e-27
-1.5520833333333335e-14
2.0832557291666669e-10
-5.0487097934144756e-28
7.7604166666666688e-15
1.0097419586828951e-28
-3.7250000000000015e-09
-9.3125000000000034e-12
-2.0194839173657902e-28
7.4500000000000030e-09
0.0000000000000000e+00
1.0097419586828951e-28
-3.7250000000000015e-09
9.3125000000000034e-12
7.7604166666666688e-15
9.3125000000000034e-12
1.5520833333333341e-14
-1.5520833333333335e-14
-1.6155871338926322e-27
6.2083333333333351e-14
7.7604166666666673e-15
-9.3125000000000018e-12
1.5520833333333341e-14
-1.4900000000000004e-04
2.9800000000000009e-04
-1.4900000000000004e-04
2.0832557291666669e-10
-5.0487097934144756e-28
7.7604166666666673e-15
8.3334885416666681e-10
1.0097419586828951e-27
-1.5520833333333335e-14
2.0832557291666669e-10
-5.0487097934144756e-28
7.7604166666666688e-15
1.0097419586828951e-28
-3.7250000000000015e-09
-9.3125000000000034e-12
-2.0194839173657902e-28
7.4500000000000030e-09
0.0000000000000000e+00
1.0097419586828951e-28
-3.7250000000000015e-09
9.3125000000000034e-12
7.7604166666666688e-15
9.3125000000000034e-12
1.5520833333333341e-14
-1.5520833333333335e-14
-1.6155871338926322e-27
6.2083333333333351e-14
7.7604166666666673e-15
-9.3125000000000018e-12
1.5520833333333341e-14
-1.4900000000000004e-04
1.4900000000000004e-04
2.0832557291666669e-10
-5.0487097934144756e-28
7.7604166666666673e-15
4.1667442708333345e-10
5.0487097934144756e-28
-7.7604166666666688e-15
1.0097419586828951e-28
-3.7250000000000015e-09
-9.3125000000000034e-12
-1.0097419586828951e-28
3.7250000000000015e-09
-9.3125000000000034e-12
7.7604166666666688e-15
9.3125000000000034e-12
1.5520833333333341e-14
-7.7604166666666688e-15
-9.3125000000000034e-12
3.1041666666666682e-14
